1 0.5859375 0.4734375 0.54375 0.4734375 0.54375 0.64375 0.5859375 0.64375
1 0.6375 0.440625 0.6015625 0.440625 0.6015625 0.5796875 0.6375 0.5796875
1 0.70625 0.4359375 0.6703125 0.4359375 0.6703125 0.5640625 0.70625 0.5640625
1 0.765625 0.5000000000000001 0.71875 0.5 0.71875 0.6625000000000001 0.765625 0.6625000000000002
1 0.16562500000000008 0.6296875 0.003125000000000078 0.6296875 0.003125000000000093 0.8859375 0.16562500000000008 0.8859375
1 0.11250000000000007 0.4625 0.06718750000000007 0.4625 0.06718750000000007 0.6328125 0.11250000000000009 0.6328125
1 0.29375000000000007 0.4484375 0.2531250000000001 0.4484375 0.2531250000000001 0.60625 0.29375000000000007 0.60625
1 0.18906250000000008 0.565625 0.1359375000000001 0.565625 0.1359375000000001 0.78125 0.18906250000000008 0.78125
1 0.25468750000000007 0.3953125 0.2218750000000001 0.3953125 0.2218750000000001 0.5234375 0.25468750000000007 0.5234375
1 0.19843750000000007 0.4203125 0.15781250000000005 0.4203125 0.15781250000000008 0.565625 0.1984375000000001 0.565625
1 0.721875 0.6890625 0.6453125 0.6890625 0.6453125000000001 0.978125 0.7218750000000002 0.978125
1 0.7437500000000001 0.6250000000000001 0.690625 0.625 0.690625 0.8421875 0.7437500000000001 0.8421875
1 0.2250000000000001 0.36875 0.19375000000000003 0.36875 0.19375000000000003 0.4984375 0.2250000000000001 0.4984375
0 0.23593750000000008 0.7125 0.1703125000000001 0.7125 0.17031250000000012 1 0.23593750000000008 1
1 0.734375 0.4750000000000001 0.6984375 0.475 0.6984375 0.6234375000000001 0.734375 0.6234375000000002
1 0.7718750000000002 0.8375 0.6750000000000002 0.8375 0.6750000000000002 1 0.7718750000000002 1
1 0.5984375000000002 0.8328125 0.5140625000000002 0.8328125 0.5140625000000002 1 0.5984375000000002 1
2 0.5578125000000002 0.8328125 0.5281250000000002 0.8328125 0.5281250000000002 0.8859375 0.5578125000000002 0.8859375
2 0.7312500000000002 0.8375 0.7031250000000002 0.8375 0.7031250000000002 0.9015625 0.7312500000000002 0.9015625
2 0.6890625000000001 0.6890625 0.6671875 0.6890625 0.6671875 0.7359375 0.6890625000000001 0.7359375
2 0.725 0.6234375 0.7046875 0.6234375 0.7046875 0.6625 0.725 0.6625
2 0.27031250000000007 0.86875 0.2328125000000001 0.86875 0.2328125000000001 0.928125 0.27031250000000007 0.928125
2 0.2890625000000001 0.8578125 0.2593750000000001 0.8578125 0.2593750000000001 0.9234375 0.2890625000000001 0.9234375
1 0.2812500000000001 0.6546875 0.2140625000000001 0.6546875 0.2140625000000001 0.91875 0.2812500000000001 0.91875
2 0.2515625000000001 0.6546875 0.2312500000000001 0.6546875 0.2312500000000001 0.696875 0.2515625000000001 0.696875
2 0.10156250000000008 0.6296875 0.07812500000000007 0.6296875 0.07812500000000008 0.678125 0.10156250000000008 0.678125
2 0.2796875000000001 0.4484375 0.2671875000000001 0.4484375 0.2671875000000001 0.4796875 0.2796875000000001 0.4796875
2 0.7515625 0.5015625000000001 0.7375 0.5015625000000001 0.7375 0.5296875000000002 0.7515625 0.5296875000000002
2 0.5703125 0.475 0.55625 0.475 0.55625 0.5 0.5703125 0.5
3 0.21093750000000008 0.7140625 0.18906250000000008 0.7140625 0.18906250000000008 0.7578125 0.21093750000000008 0.7578125
3 0.1671875000000001 0.565625 0.1531250000000001 0.565625 0.1531250000000001 0.5953125 0.1671875000000001 0.5953125
2 0.17187500000000006 0.49375 0.15781250000000005 0.49375 0.15781250000000005 0.51875 0.17187500000000006 0.51875
2 0.10156250000000004 0.4625 0.08906250000000007 0.4625 0.08906250000000007 0.4890625 0.10156250000000004 0.4890625
2 0.11875000000000005 0.434375 0.10625000000000004 0.434375 0.10625000000000004 0.45625 0.11875000000000005 0.45625
2 0.10312500000000005 0.434375 0.09218750000000005 0.434375 0.09218750000000006 0.45625 0.10312500000000005 0.45625
2 0.08593750000000004 0.415625 0.07343750000000004 0.415625 0.07343750000000004 0.4375 0.08593750000000004 0.4375
2 0.725 0.475 0.7125 0.475 0.7125 0.4984375 0.725 0.4984375
2 0.696875 0.4359375 0.6859375 0.4359375 0.6859375 0.45625 0.696875 0.45625
1 0.6390625 0.3609375000000001 0.615625 0.3609375000000001 0.615625 0.4546875 0.6390625 0.4546875
2 0.6265625 0.403125 0.6140625 0.403125 0.6140625 0.4234375 0.6265625 0.4234375
2 0.628125 0.4421875 0.6140625 0.4421875 0.6140625 0.4640625 0.628125 0.4640625
2 0.2140625000000001 0.3765625 0.20468750000000008 0.3765625 0.20468750000000008 0.4015625 0.2140625000000001 0.4015625
2 0.18750000000000006 0.4203125 0.17500000000000004 0.4203125 0.17500000000000004 0.4421875 0.18750000000000006 0.4421875
1 0.3375 0.35625 0.3078125 0.35625 0.30781250000000004 0.4671875 0.3375000000000001 0.4671875
1 0.37812500000000004 0.34687500000000004 0.3515625 0.346875 0.35156250000000006 0.44375 0.3781250000000001 0.44375
1 0.596875 0.3078125000000001 0.571875 0.3078125000000001 0.571875 0.39531250000000007 0.596875 0.39531250000000007
2 0.10000000000000005 0.3984375 0.08906250000000004 0.3984375 0.08906250000000004 0.41875 0.10000000000000005 0.41875
2 0.2453125000000001 0.3953125 0.23437500000000008 0.3953125 0.23437500000000008 0.4203125 0.2453125000000001 0.4203125
2 0.6328125 0.3593750000000001 0.6265625 0.3593750000000001 0.6265625 0.3765625000000001 0.6328125 0.3765625000000001