1 0.21250000000000008 0.7234375 0.11875000000000009 0.7234375 0.1187500000000001 1 0.21250000000000008 1
1 0.7484375000000002 0.7406250000000001 0.6765625000000002 0.740625 0.6765625000000002 1 0.7484375000000002 1
1 0.6500000000000001 0.690625 0.5328125 0.690625 0.5328125000000001 0.9828125 0.6500000000000001 0.9828125
1 0.5468750000000001 0.528125 0.49375 0.528125 0.4937500000000001 0.734375 0.5468750000000002 0.734375
1 0.26250000000000007 0.553125 0.2015625000000001 0.553125 0.2015625000000001 0.7734375 0.26250000000000007 0.7734375
1 0.37187500000000007 0.478125 0.3234375000000001 0.478125 0.3234375000000001 0.6515625 0.37187500000000007 0.6515625
1 0.76875 0.5156250000000001 0.7234375 0.515625 0.7234375 0.7015625000000001 0.76875 0.7015625000000002
1 0.9765625 0.5921875000000002 0.9109375 0.5921875000000002 0.9109375 0.8015625 0.9765625 0.8015625
1 0.8421875 0.5265625000000002 0.7953125 0.5265625000000002 0.7953125 0.7000000000000002 0.8421875 0.7000000000000002
1 0.6640625 0.5078125 0.6171875 0.5078125 0.6171875 0.6859375 0.6640625 0.6859375
1 0.17343750000000008 0.50625 0.11875000000000005 0.50625 0.11875000000000006 0.69375 0.17343750000000008 0.69375
1 0.11718750000000007 0.44375 0.07343750000000004 0.44375 0.07343750000000006 0.6046875 0.11718750000000008 0.6046875
1 0.27812500000000007 0.415625 0.23593750000000008 0.415625 0.23593750000000008 0.5546875 0.27812500000000007 0.5546875
1 0.6421875 0.3765625000000001 0.615625 0.3765625000000001 0.615625 0.484375 0.6421875 0.484375
1 0.6 0.3375000000000001 0.5765625 0.3375000000000001 0.5765625 0.41875 0.6 0.41875
1 0.18125000000000005 0.38125 0.14531250000000004 0.38125 0.14531250000000004 0.5078125 0.18125000000000005 0.5078125
1 0.2218750000000001 0.471875 0.17187500000000006 0.471875 0.17187500000000006 0.6359375 0.2218750000000001 0.6359375
1 0.10000000000000005 0.3921875 0.06250000000000004 0.3921875 0.06250000000000006 0.5296875 0.10000000000000005 0.5296875
1 0.2406250000000001 0.428125 0.2062500000000001 0.428125 0.2062500000000001 0.584375 0.2406250000000001 0.584375
1 0.2093750000000001 0.371875 0.17656250000000004 0.371875 0.17656250000000004 0.4796875 0.2093750000000001 0.4796875
1 0.4062500000000001 0.6265625 0.3421875000000001 0.6265625 0.3421875000000001 0.8671875 0.40625000000000017 0.8671875
2 0.6062500000000001 0.6890625 0.5796875 0.6890625 0.5796875000000001 0.7390625 0.6062500000000002 0.7390625
2 0.7250000000000002 0.740625 0.6984375000000002 0.740625 0.6984375000000002 0.7890625 0.7250000000000002 0.7890625
2 0.9640625 0.5921875000000002 0.9453125 0.5921875000000002 0.9453125 0.6296875000000002 0.9640625 0.6296875000000002
2 0.7546875 0.5156250000000002 0.740625 0.5156250000000002 0.740625 0.5453125000000002 0.7546875 0.5453125000000002
1 0.39531250000000007 0.8125 0.28593750000000007 0.8125 0.28593750000000007 1 0.39531250000000007 1
2 0.3546875000000001 0.8140625 0.3234375000000001 0.8140625 0.3234375000000001 0.8765625 0.3546875000000001 0.8765625
2 0.38750000000000007 0.6265625 0.3656250000000001 0.6265625 0.3656250000000001 0.6625 0.38750000000000007 0.6625
2 0.1687500000000001 0.7234375 0.1453125000000001 0.7234375 0.1453125000000001 0.775 0.1687500000000001 0.775
2 0.15468750000000003 0.50625 0.14062500000000006 0.50625 0.14062500000000006 0.5375 0.15468750000000003 0.5375
2 0.2468750000000001 0.553125 0.2312500000000001 0.553125 0.2312500000000001 0.5890625 0.2468750000000001 0.5890625
2 0.528125 0.528125 0.5109375 0.528125 0.5109375 0.5578125 0.528125 0.5578125
2 0.6515625 0.509375 0.6375 0.509375 0.6375 0.5390625 0.6515625 0.5390625
1 0.37187500000000007 0.39375000000000004 0.3343750000000001 0.39375 0.3343750000000001 0.515625 0.37187500000000007 0.515625
2 0.3593750000000001 0.478125 0.3421875000000001 0.478125 0.3421875000000001 0.509375 0.3593750000000001 0.509375
2 0.3609375000000001 0.3953125 0.34843750000000007 0.3953125 0.34843750000000007 0.4203125 0.3609375000000001 0.4203125
2 0.6484375 0.4515625 0.6359375 0.4515625 0.6359375 0.478125 0.6484375 0.478125
2 0.828125 0.5250000000000001 0.8125 0.5250000000000001 0.8125 0.5546875000000002 0.828125 0.5546875000000002
1 0.24375000000000005 0.3453125 0.2140625 0.3453125 0.21406250000000004 0.45625 0.24375000000000008 0.45625
2 0.2296875000000001 0.4296875 0.2171875000000001 0.4296875 0.2171875000000001 0.4546875 0.2296875000000001 0.4546875
2 0.2140625000000001 0.4734375 0.2015625000000001 0.4734375 0.2015625000000001 0.4984375 0.2140625000000001 0.4984375
2 0.2015625000000001 0.446875 0.18750000000000006 0.446875 0.18750000000000006 0.4734375 0.2015625000000001 0.4734375
2 0.2015625000000001 0.4734375 0.18906250000000005 0.4734375 0.18906250000000005 0.4984375 0.2015625000000001 0.4984375
2 0.03281250000000006 0.446875 0.020312500000000056 0.446875 0.02031250000000006 0.4796875 0.03281250000000006 0.4796875
2 0.09062500000000004 0.3921875 0.07968750000000005 0.3921875 0.07968750000000005 0.41875 0.09062500000000004 0.41875
3 0.11093750000000005 0.446875 0.09843750000000004 0.446875 0.09843750000000005 0.4765625 0.11093750000000005 0.4765625
2 0.2000000000000001 0.371875 0.19062500000000004 0.371875 0.19062500000000004 0.39375 0.2000000000000001 0.39375
3 0.35625000000000007 0.7015625 0.3390625000000001 0.7015625 0.3390625000000001 0.740625 0.35625000000000007 0.740625
2 0.18125000000000008 0.7390625 0.1625000000000001 0.7390625 0.1625000000000001 0.7890625 0.18125000000000008 0.7890625
1 0.5625 0.2953125000000001 0.54375 0.2953125000000001 0.54375 0.3656250000000001 0.5625 0.3656250000000001
1 0.5828125 0.3109375000000001 0.5625 0.3109375000000001 0.5625 0.3859375000000001 0.5828125 0.3859375000000001
1 0.353125 0.33125 0.3328125 0.33125 0.33281250000000007 0.41875 0.3531250000000001 0.41875
1 0.384375 0.33125000000000004 0.359375 0.33125 0.35937500000000006 0.425 0.3843750000000001 0.425
1 0.4125 0.3218750000000001 0.3875 0.3218750000000001 0.38750000000000007 0.4078125 0.4125 0.4078125
0 0.3140625 0.33125 0.2921875 0.33125 0.29218750000000004 0.4171875 0.3140625000000001 0.4171875
0 0.27656250000000004 0.3375 0.253125 0.3375 0.25312500000000004 0.41875 0.2765625000000001 0.41875
1 0.29218750000000004 0.3546875 0.2640625 0.3546875 0.26406250000000003 0.4625 0.2921875000000001 0.4625
1 0.6296875 0.3265625000000001 0.609375 0.3265625000000001 0.609375 0.39531250000000007 0.6296875 0.39531250000000007
2 0.634375 0.3750000000000001 0.625 0.3750000000000001 0.625 0.3921875000000001 0.634375 0.3921875000000001