1 0.42968750000000017 0.8234375 0.3203125000000001 0.8234375 0.3203125000000001 1 0.42968750000000017 1
1 0.7796875000000002 0.8046875 0.6890625000000001 0.8046875 0.6890625000000001 1 0.7796875000000002 1
1 0.6296875000000002 0.796875 0.5531250000000002 0.796875 0.5531250000000002 1 0.6296875000000002 1
0 0.2515625000000001 0.6953125 0.1937500000000001 0.6953125 0.19375000000000012 1 0.2515625000000001 1
1 0.13906250000000006 0.54375 0.08437500000000006 0.54375 0.08437500000000007 0.7453125 0.1390625000000001 0.7453125
1 0.2656250000000001 0.4671875 0.2218750000000001 0.4671875 0.2218750000000001 0.634375 0.2656250000000001 0.634375
1 0.5921875 0.4703125 0.5515625 0.4703125 0.5515625 0.6328125 0.5921875 0.6328125
1 0.6296875 0.428125 0.596875 0.428125 0.596875 0.559375 0.6296875 0.559375
1 0.678125 0.4203125 0.6453125 0.4203125 0.6453125 0.54375 0.678125 0.54375
1 0.2375000000000001 0.4078125 0.20468750000000008 0.4078125 0.20468750000000008 0.54375 0.2375000000000001 0.54375
1 0.2890625000000001 0.6390625 0.2312500000000001 0.6390625 0.2312500000000001 0.9125 0.2890625000000001 0.9125
1 0.3203125000000001 0.365625 0.2890625000000001 0.365625 0.2890625000000001 0.4796875 0.3203125000000001 0.4796875
1 0.7453125 0.6625000000000001 0.675 0.6625 0.675 0.8953125 0.7453125000000002 0.8953125
1 0.721875 0.4890625 0.6796875 0.4890625 0.6796875 0.6375 0.721875 0.6375
1 0.2171875000000001 0.3796875 0.18437500000000004 0.3796875 0.18437500000000004 0.5140625 0.2171875000000001 0.5140625
1 0.15937500000000007 0.4109375 0.12187500000000004 0.4109375 0.12187500000000007 0.55 0.1593750000000001 0.55
2 0.7421875000000002 0.80625 0.7171875000000002 0.80625 0.7171875000000002 0.8578125 0.7421875000000002 0.8578125
2 0.6765625000000002 0.9234375 0.6406250000000002 0.9234375 0.6406250000000002 0.99375 0.6765625000000002 0.99375
2 0.5984375000000002 0.7984375 0.5703125000000002 0.7984375 0.5703125000000002 0.846875 0.5984375000000002 0.846875
2 0.715625 0.6625 0.696875 0.6625 0.696875 0.6984375 0.715625 0.6984375
2 0.7109375 0.4890625 0.7 0.4890625 0.7 0.5109375 0.7109375 0.5109375
2 0.3703125000000001 0.8375 0.34062500000000007 0.8375 0.34062500000000007 0.8921875 0.3703125000000001 0.8921875
2 0.26250000000000007 0.6390625 0.24375000000000008 0.6390625 0.24375000000000008 0.6796875 0.26250000000000007 0.6796875
2 0.14687500000000003 0.4109375 0.13593750000000004 0.4109375 0.13593750000000004 0.43125 0.14687500000000003 0.43125
0 0.2671875000000001 0.38125 0.2390625000000001 0.38125 0.2390625000000001 0.496875 0.2671875000000001 0.496875
2 0.2515625000000001 0.4671875 0.2390625000000001 0.4671875 0.2390625000000001 0.496875 0.2515625000000001 0.496875
1 0.14218750000000008 0.471875 0.10000000000000005 0.471875 0.10000000000000006 0.6234375 0.14218750000000008 0.6234375
2 0.12968750000000004 0.471875 0.11718750000000004 0.471875 0.11718750000000004 0.4953125 0.12968750000000004 0.4953125
1 0.07656250000000006 0.45 0.029687500000000054 0.45 0.029687500000000068 0.6109375 0.07656250000000006 0.6109375
2 0.045312500000000054 0.434375 0.031250000000000056 0.434375 0.031250000000000056 0.459375 0.045312500000000054 0.459375
2 0.08125000000000004 0.4296875 0.07031250000000004 0.4296875 0.07031250000000004 0.4515625 0.08125000000000004 0.4515625
2 0.06562500000000006 0.45 0.05312500000000005 0.45 0.053125000000000054 0.475 0.06562500000000007 0.475
2 0.5765625 0.4703125 0.5640625 0.4703125 0.5640625 0.4921875 0.5765625 0.4921875
1 0.36875 0.35468750000000004 0.340625 0.3546875 0.34062500000000007 0.45625 0.3687500000000001 0.45625
1 0.5921875 0.3234375000000001 0.5703125 0.3234375000000001 0.5703125 0.3937500000000001 0.5921875 0.3937500000000001
1 0.48125 0.33281250000000007 0.459375 0.33281250000000007 0.459375 0.4171875 0.48125 0.4171875
3 0.23593750000000008 0.696875 0.2140625000000001 0.696875 0.2140625000000001 0.7375 0.23593750000000008 0.7375
2 0.66875 0.421875 0.65625 0.421875 0.65625 0.4421875 0.66875 0.4421875
2 0.621875 0.4296875 0.6109375 0.4296875 0.6109375 0.45 0.621875 0.45
2 0.7171875 0.471875 0.70625 0.471875 0.70625 0.4921875 0.7171875 0.4921875
2 0.709375 0.6015625 0.690625 0.6015625 0.690625 0.634375 0.709375 0.634375
3 0.11562500000000006 0.54375 0.10000000000000005 0.54375 0.10000000000000006 0.575 0.11562500000000009 0.575
2 0.2312500000000001 0.4078125 0.2218750000000001 0.4078125 0.2218750000000001 0.4359375 0.2312500000000001 0.4359375
3 0.2578125000000001 0.38125 0.2484375000000001 0.38125 0.2484375000000001 0.4046875 0.2578125000000001 0.4046875
2 0.04062500000000005 0.4078125 0.028125000000000046 0.4078125 0.02812500000000005 0.43125 0.04062500000000006 0.43125
2 0.05468750000000004 0.390625 0.04531250000000005 0.390625 0.04531250000000005 0.4109375 0.05468750000000004 0.4109375
2 0.6234375 0.3984375000000001 0.6125 0.3984375000000001 0.6125 0.41875 0.6234375 0.41875