1 0.5640625000000001 0.721875 0.478125 0.721875 0.4781250000000001 0.9515625 0.5640625000000001 0.9515625
1 0.8453125 0.7640625000000002 0.7593750000000001 0.7640625000000002 0.7593750000000001 1 0.8453125 1
1 0.6640625000000001 0.684375 0.5984375 0.684375 0.5984375000000001 0.95 0.6640625000000002 0.95
1 0.8625 0.6171875000000002 0.790625 0.6171875000000002 0.7906250000000001 0.8484375 0.8625 0.8484375
1 0.7453125 0.7000000000000001 0.6703125 0.7 0.6703125000000001 0.99375 0.7453125000000002 0.99375
1 0.6859375 0.5125 0.64375 0.5125 0.64375 0.6828125 0.6859375 0.6828125
1 0.6953125 0.428125 0.6625 0.428125 0.6625 0.5640625 0.6953125 0.5640625
1 0.965625 0.5937500000000002 0.90625 0.5937500000000002 0.90625 0.7953125000000002 0.965625 0.7953125000000002
1 0.7375 0.5703125000000001 0.6796875 0.5703125 0.6796875000000001 0.7562500000000001 0.7375000000000002 0.7562500000000002
1 0.609375 0.434375 0.5734375 0.434375 0.5734375 0.58125 0.609375 0.58125
1 0.6359375 0.428125 0.603125 0.428125 0.603125 0.55625 0.6359375 0.55625
1 0.11250000000000007 0.5109375 0.06093750000000007 0.5109375 0.060937500000000075 0.7125 0.11250000000000009 0.7125
1 0.14218750000000008 0.4390625 0.10156250000000004 0.4390625 0.10156250000000007 0.5953125 0.14218750000000008 0.5953125
1 0.18906250000000008 0.4 0.14687500000000003 0.4 0.14687500000000006 0.5453125 0.18906250000000008 0.5453125
1 0.2671875000000001 0.3828125 0.2328125000000001 0.3828125 0.2328125000000001 0.5125 0.2671875000000001 0.5125
1 0.3140625000000001 0.3671875 0.28593750000000007 0.3671875 0.28593750000000007 0.478125 0.3140625000000001 0.478125
0 0.2218750000000001 0.40625 0.18750000000000006 0.40625 0.18750000000000006 0.55625 0.2218750000000001 0.55625
0 0.29375000000000007 0.6265625 0.2375000000000001 0.6265625 0.2375000000000001 0.903125 0.29375000000000007 0.903125
1 0.9828125 0.5609375000000002 0.95 0.5609375000000002 0.95 0.7593750000000001 0.9828125 0.7593750000000001
2 0.8421875 0.6171875000000002 0.8234375 0.6171875000000002 0.8234375 0.6546875000000002 0.8421875 0.6546875000000002
2 0.6421875 0.684375 0.61875 0.684375 0.61875 0.725 0.6421875 0.725
2 0.71875 0.5703125 0.7015625 0.5703125 0.7015625 0.60625 0.71875 0.60625
2 0.5312500000000002 0.7328125 0.5046875000000002 0.7328125 0.5046875000000002 0.78125 0.5312500000000002 0.78125
2 0.2890625000000001 0.5765625 0.2718750000000001 0.5765625 0.2718750000000001 0.6125 0.2890625000000001 0.6125
2 0.09687500000000007 0.5109375 0.08125000000000007 0.5109375 0.08125000000000007 0.546875 0.09687500000000007 0.546875
2 0.7187500000000001 0.7 0.6984375 0.7 0.6984375 0.74375 0.7187500000000002 0.74375
2 0.8265625 0.7734375000000002 0.7984375000000001 0.7734375000000002 0.7984375000000001 0.8234375 0.8265625 0.8234375
2 0.95625 0.5984375000000002 0.940625 0.5984375000000002 0.940625 0.6312500000000002 0.95625 0.6312500000000002
2 0.6734375 0.5125 0.6578125 0.5125 0.6578125 0.5390625 0.6734375 0.5390625
3 0.2734375000000001 0.628125 0.2531250000000001 0.628125 0.2531250000000001 0.6640625 0.2734375000000001 0.6640625
2 0.6890625 0.4296875 0.678125 0.4296875 0.678125 0.4515625 0.6890625 0.4515625
2 0.628125 0.428125 0.6171875 0.428125 0.6171875 0.4484375 0.628125 0.4484375
2 0.596875 0.434375 0.584375 0.434375 0.584375 0.45625 0.596875 0.45625
2 0.978125 0.5625000000000002 0.9625 0.5625000000000002 0.9625 0.5906250000000002 0.978125 0.5906250000000002
2 0.9640625 0.5625000000000002 0.9515625 0.5625000000000002 0.9515625 0.5921875000000002 0.9640625 0.5921875000000002
3 0.21250000000000008 0.4078125 0.2015625000000001 0.4078125 0.2015625000000001 0.43125 0.21250000000000008 0.43125
2 0.2562500000000001 0.384375 0.2453125000000001 0.384375 0.2453125000000001 0.4109375 0.2562500000000001 0.4109375
2 0.13437500000000005 0.440625 0.12031250000000004 0.440625 0.12031250000000004 0.4703125 0.13437500000000005 0.4703125
2 0.17343750000000005 0.4078125 0.16093750000000004 0.4078125 0.16093750000000004 0.4359375 0.17343750000000005 0.4359375
1 0.45625 0.3468750000000001 0.43125 0.3468750000000001 0.43125 0.440625 0.45625 0.440625
1 0.38750000000000007 0.35000000000000003 0.359375 0.35 0.35937500000000006 0.4453125 0.38750000000000007 0.4453125
2 0.028125000000000056 0.409375 0.01562500000000005 0.409375 0.01562500000000005 0.4296875 0.028125000000000056 0.4296875
2 0.6015625 0.3859375000000001 0.59375 0.3859375000000001 0.59375 0.403125 0.6015625 0.403125