1 0.5484375 0.5171875 0.496875 0.5171875 0.496875 0.7046875 0.5484375 0.7046875
1 0.3656250000000001 0.7609375 0.27812500000000007 0.7609375 0.27812500000000007 1 0.3656250000000001 1
1 0.4546875000000002 0.84375 0.3687500000000001 0.84375 0.3687500000000001 1 0.4546875000000002 1
2 0.4234375000000002 0.8453125 0.39531250000000007 0.8453125 0.39531250000000007 0.9 0.4234375000000002 0.9
2 0.3343750000000001 0.7765625 0.30937500000000007 0.7765625 0.30937500000000007 0.83125 0.3343750000000001 0.83125
1 0.878125 0.8328125 0.7843750000000002 0.8328125 0.7843750000000002 1 0.878125 1
2 0.84375 0.8328125 0.815625 0.8328125 0.815625 0.8859375 0.84375 0.8859375
1 0.828125 0.5328125000000001 0.7796875 0.5328125000000001 0.7796875 0.6875000000000002 0.828125 0.6875000000000002
1 0.825 0.6265625000000001 0.75625 0.6265625000000001 0.7562500000000001 0.8640625 0.825 0.8640625
2 0.80625 0.6328125000000002 0.7875 0.6328125000000002 0.7875 0.6687500000000002 0.80625 0.6687500000000002
1 0.675 0.490625 0.634375 0.490625 0.634375 0.6421875 0.675 0.6421875
2 0.653125 0.5859375 0.6359375 0.5859375 0.6359375 0.6171875 0.653125 0.6171875
1 0.621875 0.6046875 0.5625 0.6046875 0.5625 0.6953125 0.621875 0.6953125
2 0.60625 0.6046875 0.5890625 0.6046875 0.5890625 0.640625 0.60625 0.640625
1 0.6609375 0.3984375000000001 0.63125 0.3984375000000001 0.63125 0.5140625 0.6609375 0.5140625
1 0.6328125 0.4421875 0.6015625 0.4421875 0.6015625 0.578125 0.6328125 0.578125
1 0.60625 0.4046875 0.5765625 0.4046875 0.5765625 0.5359375 0.60625 0.5359375
1 0.85 0.5093750000000001 0.8171875 0.5093750000000001 0.8171875 0.6812500000000001 0.85 0.6812500000000001
1 0.22812500000000008 0.403125 0.19062500000000004 0.403125 0.19062500000000004 0.5359375 0.22812500000000008 0.5359375
1 0.15468750000000006 0.428125 0.11250000000000004 0.428125 0.11250000000000007 0.5796875 0.1546875000000001 0.5796875
1 0.403125 0.3828125000000001 0.3750000000000001 0.3828125000000001 0.3750000000000001 0.496875 0.403125 0.496875
1 0.33437500000000003 0.3390625 0.3109375 0.3390625 0.31093750000000003 0.4359375 0.3343750000000001 0.4359375
1 0.36718750000000006 0.35468750000000004 0.3390625 0.3546875 0.33906250000000004 0.4609375 0.3671875000000001 0.4609375
1 0.2640625000000001 0.3703125 0.2328125000000001 0.3703125 0.2328125000000001 0.4984375 0.2640625000000001 0.4984375
1 0.56875 0.3421875000000001 0.546875 0.3421875000000001 0.546875 0.4265625 0.56875 0.4265625
0 0.3031250000000001 0.565625 0.2531250000000001 0.565625 0.2531250000000001 0.8015625 0.3031250000000001 0.8015625
3 0.2906250000000001 0.565625 0.2734375000000001 0.565625 0.2734375000000001 0.596875 0.2906250000000001 0.596875
2 0.6625 0.490625 0.65 0.490625 0.65 0.5171875 0.6625 0.5171875
2 0.534375 0.5171875 0.51875 0.5171875 0.51875 0.5484375 0.534375 0.5484375
2 0.5609375000000002 0.940625 0.5281250000000002 0.940625 0.5281250000000002 0.99375 0.5609375000000002 0.99375
2 0.7953125000000002 0.971875 0.7625000000000002 0.971875 0.7625000000000002 1 0.7953125000000002 1
1 0.07500000000000005 0.43125 0.03437500000000006 0.43125 0.03437500000000006 0.565625 0.07500000000000007 0.565625
2 0.060937500000000054 0.4328125 0.04843750000000006 0.4328125 0.04843750000000006 0.4625 0.06093750000000007 0.4625
2 0.2968750000000001 0.540625 0.2796875000000001 0.540625 0.2796875000000001 0.565625 0.2968750000000001 0.565625
2 0.14062500000000006 0.428125 0.12968750000000004 0.428125 0.12968750000000004 0.459375 0.14062500000000006 0.459375
2 0.15000000000000005 0.428125 0.14062500000000006 0.428125 0.14062500000000006 0.453125 0.15000000000000005 0.453125
2 0.81875 0.5375000000000002 0.8046875 0.5375000000000002 0.8046875 0.5640625000000001 0.81875 0.5640625000000001
3 0.8453125 0.5109375000000002 0.8296875 0.5109375000000002 0.8296875 0.5375000000000002 0.8453125 0.5375000000000002
2 0.6546875 0.3984375000000001 0.64375 0.3984375000000001 0.64375 0.4171875 0.6546875 0.4171875
2 0.6265625 0.44375 0.6140625 0.44375 0.6140625 0.465625 0.6265625 0.465625
2 0.3937500000000001 0.3812500000000001 0.3843750000000001 0.3812500000000001 0.3843750000000001 0.403125 0.3937500000000001 0.403125
2 0.29218750000000004 0.3609375 0.2828125 0.3609375 0.2828125 0.38125 0.2921875000000001 0.38125
1 0.590625 0.3531250000000001 0.565625 0.3531250000000001 0.565625 0.44375 0.590625 0.44375
1 0.421875 0.34062500000000007 0.4 0.34062500000000007 0.4 0.43125 0.421875 0.43125
2 0.21875000000000008 0.4046875 0.2078125000000001 0.4046875 0.2078125000000001 0.428125 0.21875000000000008 0.428125
3 0.3031250000000001 0.384375 0.29375000000000007 0.384375 0.29375000000000007 0.40625 0.3031250000000001 0.40625