1 0.64375 0.7125 0.559375 0.7125 0.5593750000000001 1 0.6437500000000002 1
1 1 0.6828125000000002 0.9453125 0.6828125000000002 0.9453125 0.9578125 1 0.9578125
1 0.965625 0.6171875000000002 0.884375 0.6171875000000002 0.884375 0.85 0.965625 0.85
1 0.83125 0.5859375000000002 0.7671875 0.5859375000000002 0.7671875000000001 0.8171875 0.83125 0.8171875
1 0.5671875000000001 0.640625 0.4953125 0.640625 0.4953125000000001 0.9171875 0.5671875000000002 0.9171875
1 0.4218750000000001 0.6015625 0.35625000000000007 0.6015625 0.35625000000000007 0.85 0.42187500000000017 0.85
1 0.27812500000000007 0.521875 0.21250000000000008 0.521875 0.21250000000000008 0.7359375 0.27812500000000007 0.7359375
1 0.27031250000000007 0.3515625 0.2296875 0.3515625 0.22968750000000004 0.4859375 0.27031250000000007 0.4859375
1 0.12812500000000004 0.378125 0.08750000000000005 0.378125 0.08750000000000005 0.5359375 0.12812500000000004 0.5359375
1 0.19843750000000007 0.39375 0.15468750000000003 0.39375 0.15468750000000006 0.546875 0.1984375000000001 0.546875
1 0.3812500000000001 0.55 0.3265625000000001 0.55 0.3265625000000001 0.771875 0.3812500000000001 0.771875
1 0.3828125000000001 0.44375 0.3359375000000001 0.44375 0.3359375000000001 0.6015625 0.3828125000000001 0.6015625
1 0.7171875 0.4515625 0.6703125 0.4515625 0.6703125 0.6171875 0.7171875 0.6171875
1 0.7515625 0.4062500000000001 0.71875 0.40625 0.71875 0.5468750000000001 0.7515625 0.5468750000000002
1 0.609375 0.33281250000000007 0.5796875 0.33281250000000007 0.5796875 0.44375 0.609375 0.44375
1 0.3296875 0.328125 0.296875 0.328125 0.29687500000000006 0.4390625 0.3296875000000001 0.4390625
1 0.3046875000000001 0.4421875 0.27031250000000007 0.4421875 0.27031250000000007 0.6234375 0.3046875000000001 0.6234375
1 0.15312500000000004 0.3625 0.12187500000000004 0.3625 0.12187500000000004 0.5046875 0.15312500000000004 0.5046875
1 0.6609375 0.4390625 0.6234375 0.4390625 0.6234375 0.5265625 0.6609375 0.5265625
1 0.671875 0.3703125000000001 0.640625 0.3703125000000001 0.640625 0.4859375 0.671875 0.4859375
2 0.5484375 0.640625 0.5265625 0.640625 0.5265625 0.68125 0.5484375 0.68125
2 0.6046875 0.7140625 0.58125 0.7140625 0.58125 0.7625 0.6046875000000002 0.7625
2 0.8125 0.5859375000000002 0.7953125 0.5859375000000002 0.7953125 0.6218750000000002 0.8125 0.6218750000000002
2 1 0.6828125000000002 0.98125 0.6828125000000002 0.98125 0.7250000000000002 1 0.7250000000000002
2 0.9390625 0.6187500000000001 0.9171875 0.6187500000000001 0.9171875 0.6593750000000002 0.9390625 0.6593750000000002
2 0.2578125000000001 0.5296875 0.2390625000000001 0.5296875 0.2390625000000001 0.5671875 0.2578125000000001 0.5671875
2 0.3671875000000001 0.5515625 0.34843750000000007 0.5515625 0.34843750000000007 0.5875 0.3671875000000001 0.5875
2 0.3703125000000001 0.44375 0.35625000000000007 0.44375 0.35625000000000007 0.4734375 0.3703125000000001 0.4734375
2 0.2921875000000001 0.4421875 0.27812500000000007 0.4421875 0.27812500000000007 0.471875 0.2921875000000001 0.471875
3 0.740625 0.4078125000000002 0.728125 0.4078125000000002 0.728125 0.4312500000000002 0.740625 0.4312500000000002
2 0.70625 0.45625 0.6921875 0.45625 0.6921875 0.4828125 0.70625 0.4828125
2 0.6484375 0.4390625 0.6359375 0.4390625 0.6359375 0.4609375 0.6484375 0.4609375
2 0.71875 0.4265625 0.70625 0.4265625 0.70625 0.4484375 0.71875 0.4484375
2 0.61875 0.4875 0.603125 0.4875 0.603125 0.5140625 0.61875 0.5140625
2 0.6625 0.3703125000000001 0.653125 0.3703125000000001 0.653125 0.3890625000000001 0.6625 0.3890625000000001
2 0.11250000000000004 0.378125 0.09843750000000004 0.378125 0.09843750000000004 0.409375 0.11250000000000004 0.409375
2 0.14687500000000003 0.3625 0.13437500000000005 0.3625 0.13437500000000005 0.3890625 0.14687500000000003 0.3890625
2 0.19062500000000004 0.3953125 0.17812500000000003 0.3953125 0.17812500000000003 0.4234375 0.19062500000000004 0.4234375
2 0.25468750000000007 0.3515625 0.24375 0.3515625 0.24375000000000005 0.38125 0.25468750000000007 0.38125
1 0.28593750000000007 0.296875 0.2578125 0.296875 0.25781250000000006 0.39375 0.28593750000000007 0.39375
1 0.5046875 0.2656250000000001 0.4890625 0.2656250000000001 0.4890625 0.3390625000000001 0.5046875 0.3390625000000001
1 0.584375 0.2750000000000001 0.565625 0.2750000000000001 0.565625 0.3500000000000001 0.584375 0.3500000000000001
2 0.4015625 0.6 0.3828125000000001 0.6 0.3828125000000001 0.63125 0.4015625 0.63125
2 0.6015625 0.33281250000000007 0.590625 0.33281250000000007 0.590625 0.34843750000000007 0.6015625 0.34843750000000007