1 0.85 0.6656250000000001 0.775 0.6656250000000001 0.7750000000000001 0.9234375 0.85 0.9234375
1 0.64375 0.46875 0.6125 0.46875 0.6125 0.6125 0.64375 0.6125
1 0.6859375 0.51875 0.6390625 0.51875 0.6390625 0.7 0.6859375 0.7
1 0.11093750000000006 0.4296875 0.07500000000000004 0.4296875 0.07500000000000005 0.56875 0.11093750000000009 0.56875
1 0.18750000000000006 0.425 0.14687500000000003 0.425 0.14687500000000006 0.5703125 0.18750000000000008 0.5703125
1 0.2500000000000001 0.403125 0.2156250000000001 0.403125 0.2156250000000001 0.53125 0.2500000000000001 0.53125
0 0.2984375000000001 0.5890625 0.25468750000000007 0.5890625 0.25468750000000007 0.8359375 0.2984375000000001 0.8359375
1 0.2796875000000001 0.3734375 0.2531250000000001 0.3734375 0.2531250000000001 0.4953125 0.2796875000000001 0.4953125
1 0.8546875 0.5578125000000002 0.8046875 0.5578125000000002 0.8046875 0.7328125000000002 0.8546875 0.7328125000000002
1 0.6078125 0.54375 0.5515625 0.54375 0.5515625 0.721875 0.6078125 0.721875
1 0.6609375 0.415625 0.6328125 0.415625 0.6328125 0.5359375 0.6609375 0.5359375
1 0.60625 0.4203125 0.5734375 0.4203125 0.5734375 0.5484375 0.60625 0.5484375
1 0.37968750000000007 0.35468750000000004 0.35 0.3546875 0.35000000000000003 0.4578125 0.37968750000000007 0.4578125
1 0.4171875 0.3828125000000001 0.3921875000000001 0.3828125000000001 0.3921875000000001 0.4921875 0.4171875 0.4921875
1 0.31718750000000007 0.3640625 0.2921875000000001 0.3640625 0.2921875000000001 0.471875 0.31718750000000007 0.471875
1 0.353125 0.3421875 0.3296875 0.3421875 0.3296875 0.4390625 0.3531250000000001 0.4390625
1 0.5765625 0.3593750000000001 0.5515625 0.3593750000000001 0.5515625 0.4484375 0.5765625 0.4484375
2 0.40625000000000017 0.928125 0.3750000000000001 0.928125 0.3750000000000001 0.990625 0.40625000000000017 0.990625
2 0.3281250000000001 0.846875 0.2984375000000001 0.846875 0.2984375000000001 0.9046875 0.3281250000000001 0.9046875
2 0.2921875000000001 0.559375 0.2765625000000001 0.559375 0.2765625000000001 0.5890625 0.2921875000000001 0.5890625
2 0.815625 0.9015625 0.7843750000000002 0.9015625 0.7843750000000002 0.9625 0.815625 0.9625
2 0.640625 0.6375 0.621875 0.6375 0.621875 0.678125 0.640625 0.678125
2 0.6703125 0.51875 0.65625 0.51875 0.65625 0.546875 0.6703125 0.546875
2 0.59375 0.54375 0.578125 0.54375 0.578125 0.5765625 0.59375 0.5765625
3 0.2875000000000001 0.5890625 0.27031250000000007 0.5890625 0.27031250000000007 0.621875 0.2875000000000001 0.621875
2 0.828125 0.6718750000000002 0.80625 0.6718750000000002 0.80625 0.7093750000000002 0.828125 0.7093750000000002
2 0.846875 0.5609375000000002 0.83125 0.5609375000000002 0.83125 0.5859375000000002 0.846875 0.5859375000000002
2 0.5984375 0.6734375 0.575 0.6734375 0.575 0.7140625 0.5984375 0.7140625
1 0.653125 0.415625 0.64375 0.415625 0.64375 0.434375 0.653125 0.434375
2 0.5984375 0.4203125 0.5890625 0.4203125 0.5890625 0.4390625 0.5984375 0.4390625
2 0.09843750000000005 0.43125 0.08593750000000004 0.43125 0.08593750000000006 0.45625 0.09843750000000007 0.45625
2 0.17343750000000005 0.425 0.16250000000000003 0.425 0.16250000000000003 0.4546875 0.17343750000000005 0.4546875
2 0.409375 0.3828125000000001 0.4 0.3828125000000001 0.4 0.4046875 0.409375 0.4046875
3 0.3296875000000001 0.3859375 0.3203125000000001 0.3859375 0.3203125000000001 0.4078125 0.3296875000000001 0.4078125