1 0.865625 0.7234375000000002 0.7796875 0.7234375000000002 0.7796875000000001 1 0.865625 1
1 0.7171875000000001 0.671875 0.6546875 0.671875 0.6546875000000001 0.9515625 0.7171875000000002 0.9515625
1 0.6656250000000001 0.65625 0.6046875 0.65625 0.6046875 0.9015625 0.6656250000000001 0.9015625
0 0.2984375000000001 0.60625 0.2453125000000001 0.60625 0.2453125000000001 0.8765625 0.2984375000000001 0.8765625
1 0.08750000000000005 0.453125 0.04375000000000005 0.453125 0.04375000000000007 0.621875 0.08750000000000006 0.621875
0 0.18906250000000008 0.41875 0.15000000000000005 0.41875 0.15000000000000008 0.575 0.18906250000000008 0.575
1 0.2453125000000001 0.3953125 0.2078125000000001 0.3953125 0.2078125000000001 0.5265625 0.2453125000000001 0.5265625
1 0.15781250000000008 0.409375 0.11718750000000004 0.409375 0.11718750000000007 0.5609375 0.15781250000000008 0.5609375
1 0.2968750000000001 0.3734375 0.2640625000000001 0.3734375 0.2640625000000001 0.490625 0.2968750000000001 0.490625
1 0.675 0.4921875 0.6359375 0.4921875 0.6359375 0.6515625 0.675 0.6515625
1 0.6109375 0.425 0.578125 0.425 0.578125 0.565625 0.6109375 0.565625
1 0.446875 0.3546875000000001 0.4203125 0.3546875000000001 0.4203125 0.4546875 0.446875 0.4546875
1 0.925 0.5750000000000002 0.86875 0.5750000000000002 0.86875 0.7671875000000001 0.925 0.7671875000000001
1 0.7609375 0.58125 0.7015625 0.58125 0.7015625000000001 0.8015625 0.7609375000000002 0.8015625
1 0.68125 0.41875 0.65 0.41875 0.65 0.540625 0.68125 0.540625
2 0.840625 0.7296875000000002 0.8171875 0.7296875000000002 0.8171875 0.7718750000000002 0.840625 0.7718750000000002
2 0.7 0.671875 0.678125 0.671875 0.678125 0.715625 0.7 0.715625
2 0.646875 0.6546875 0.6265625 0.6546875 0.6265625 0.69375 0.646875 0.69375
2 0.7046875 0.5484375 0.6890625 0.5484375 0.6890625 0.58125 0.7046875 0.58125
2 0.74375 0.5812500000000002 0.7265625 0.5812500000000002 0.7265625 0.6187500000000001 0.74375 0.6187500000000001
1 0.5937500000000001 0.696875 0.515625 0.696875 0.5156250000000001 0.84375 0.5937500000000002 0.84375
2 0.5625000000000001 0.70625 0.5375 0.70625 0.5375000000000001 0.7453125 0.5625000000000002 0.7453125
2 0.2921875000000001 0.5640625 0.2765625000000001 0.5640625 0.2765625000000001 0.6 0.2921875000000001 0.6
2 0.915625 0.5796875000000001 0.8984375 0.5796875000000001 0.8984375 0.6078125000000002 0.915625 0.6078125000000002
1 0.9375 0.5468750000000002 0.9109375 0.5468750000000002 0.9109375 0.7343750000000002 0.9375 0.7343750000000002
2 0.9328125 0.5468750000000002 0.91875 0.5468750000000002 0.91875 0.5765625000000002 0.9328125 0.5765625000000002
3 0.2828125000000001 0.6078125 0.2640625000000001 0.6078125 0.2640625000000001 0.64375 0.2828125000000001 0.64375
2 0.6625 0.4921875 0.65 0.4921875 0.65 0.5171875 0.6625 0.5171875
2 0.6734375 0.41875 0.6640625 0.41875 0.6640625 0.4390625 0.6734375 0.4390625
2 0.07656250000000006 0.453125 0.06250000000000004 0.453125 0.06250000000000006 0.484375 0.07656250000000006 0.484375
3 0.17500000000000004 0.41875 0.16406250000000006 0.41875 0.16406250000000006 0.4421875 0.17500000000000004 0.4421875
2 0.2328125000000001 0.396875 0.2234375000000001 0.396875 0.2234375000000001 0.421875 0.2328125000000001 0.421875
2 0.6015625 0.4265625 0.590625 0.4265625 0.590625 0.446875 0.6015625 0.446875
2 0.61875 0.4140625 0.609375 0.4140625 0.609375 0.434375 0.61875 0.434375
1 0.31718750000000007 0.353125 0.290625 0.353125 0.290625 0.4640625 0.31718750000000007 0.4640625
1 0.578125 0.3046875000000001 0.5578125 0.3046875000000001 0.5578125 0.3687500000000001 0.578125 0.3687500000000001
1 0.40625 0.3359375000000001 0.3765625 0.3359375000000001 0.3765625 0.4171875 0.40625 0.4171875
1 0.35937500000000006 0.3421875 0.3359375 0.3421875 0.33593750000000006 0.44375 0.3593750000000001 0.44375