1 0.6562500000000001 0.725 0.575 0.725 0.5750000000000001 1 0.6562500000000002 1
1 0.4781250000000002 0.784375 0.3703125000000001 0.784375 0.3703125000000001 1 0.4781250000000002 1
1 0.875 0.6437500000000002 0.803125 0.6437500000000002 0.803125 0.90625 0.875 0.90625
1 0.4953125000000001 0.68125 0.4234375 0.68125 0.4234375000000001 0.9421875 0.49531250000000016 0.9421875
1 0.459375 0.4828125 0.409375 0.4828125 0.409375 0.6765625 0.459375 0.6765625
1 0.3078125000000001 0.571875 0.2375000000000001 0.571875 0.2375000000000001 0.815625 0.3078125000000001 0.815625
1 0.7968750000000001 0.5640625000000001 0.728125 0.5640625000000001 0.7281250000000001 0.7750000000000001 0.7968750000000002 0.7750000000000001
1 0.7390625 0.4937500000000001 0.69375 0.49375 0.69375 0.6796875000000001 0.7390625 0.6796875000000002
1 0.784375 0.4343750000000002 0.7421875 0.4343750000000002 0.7421875 0.5750000000000002 0.784375 0.5750000000000002
1 0.4203125000000001 0.6234375 0.35625000000000007 0.6234375 0.35625000000000007 0.8765625 0.4203125000000002 0.8765625
1 0.3812500000000001 0.4296875 0.3343750000000001 0.4296875 0.3343750000000001 0.5953125 0.3812500000000001 0.5953125
1 0.6421875 0.37187500000000007 0.6109375 0.37187500000000007 0.6109375 0.4859375 0.6421875 0.4859375
1 0.17812500000000003 0.365625 0.14062500000000006 0.365625 0.14062500000000006 0.4984375 0.17812500000000003 0.4984375
1 0.21562500000000004 0.353125 0.18281250000000004 0.353125 0.18281250000000004 0.4859375 0.2156250000000001 0.4859375
1 0.2890625000000001 0.3828125 0.2500000000000001 0.3828125 0.2500000000000001 0.5203125 0.2890625000000001 0.5203125
1 0.25625000000000003 0.321875 0.225 0.321875 0.22500000000000003 0.4359375 0.2562500000000001 0.4359375
1 0.6171875 0.3500000000000001 0.5890625 0.3500000000000001 0.5890625 0.46875 0.6171875 0.46875
1 0.38125000000000003 0.32656250000000003 0.3546875 0.3265625 0.35468750000000004 0.4296875 0.3812500000000001 0.4296875
2 0.42968750000000017 0.784375 0.4031250000000002 0.784375 0.4031250000000002 0.8328125 0.42968750000000017 0.8328125
2 0.3984375000000001 0.6234375 0.37968750000000007 0.6234375 0.37968750000000007 0.6625 0.3984375000000001 0.6625
2 0.6343750000000001 0.725 0.609375 0.725 0.6093750000000001 0.76875 0.6343750000000001 0.76875
2 0.4453125 0.4828125 0.4296875 0.4828125 0.4296875 0.51875 0.4453125 0.51875
2 0.8546875 0.6437500000000002 0.8328125 0.6437500000000002 0.8328125 0.6828125000000002 0.8546875 0.6828125000000002
2 0.2875000000000001 0.5828125 0.2671875000000001 0.5828125 0.2671875000000001 0.625 0.2875000000000001 0.625
2 0.3109375000000001 0.4703125 0.2953125000000001 0.4703125 0.2953125000000001 0.5015625 0.3109375000000001 0.5015625
2 0.3671875000000001 0.43125 0.3546875000000001 0.43125 0.3546875000000001 0.45625 0.3671875000000001 0.45625
2 0.665625 0.3984375000000001 0.6546875 0.3984375000000001 0.6546875 0.4203125 0.665625 0.4203125
2 0.734375 0.4984375000000001 0.7203125 0.4984375 0.7203125 0.5281250000000001 0.734375 0.5281250000000002
2 0.475 0.68125 0.453125 0.68125 0.453125 0.7140625 0.475 0.7140625
2 0.621875 0.5296875 0.6046875 0.5296875 0.6046875 0.5609375 0.621875 0.5609375
2 0.6578125 0.475 0.6421875 0.475 0.6421875 0.5 0.6578125 0.5
2 0.771875 0.5796875000000001 0.75625 0.5796875000000001 0.75625 0.6125000000000002 0.771875 0.6125000000000002
3 0.2921875000000001 0.4859375 0.2765625000000001 0.4859375 0.2765625000000001 0.5140625 0.2921875000000001 0.5140625
1 0.590625 0.29375000000000007 0.5703125 0.29375000000000007 0.5703125 0.3750000000000001 0.590625 0.3750000000000001
1 0.6296875 0.2875000000000001 0.6140625 0.2875000000000001 0.6140625 0.35625000000000007 0.6296875 0.35625000000000007
1 0.36718750000000006 0.28750000000000003 0.340625 0.2875 0.34062500000000007 0.38750000000000007 0.3671875000000001 0.38750000000000007
2 0.740625 0.45312500000000017 0.7296875 0.45312500000000017 0.7296875 0.4734375000000002 0.740625 0.4734375000000002
3 0.775 0.4359375000000002 0.7609375 0.4359375000000002 0.7609375 0.46093750000000017 0.775 0.46093750000000017