1 0.5953125000000001 0.746875 0.5031250000000002 0.746875 0.5031250000000002 1 0.5953125000000001 1
1 0.7593750000000001 0.6875000000000001 0.6953125 0.6875 0.6953125000000001 0.95625 0.7593750000000001 0.95625
1 0.5703125 0.4984375 0.5234375 0.4984375 0.5234375 0.684375 0.5703125 0.684375
1 0.41875000000000007 0.65625 0.2906250000000001 0.65625 0.2906250000000001 0.9265625 0.4187500000000002 0.9265625
1 0.25468750000000007 0.690625 0.1687500000000001 0.690625 0.16875000000000012 1 0.25468750000000007 1
1 0.853125 0.5406250000000001 0.803125 0.5406250000000001 0.803125 0.7234375000000002 0.853125 0.7234375000000002
1 0.746875 0.4953125000000001 0.7078125 0.4953125 0.7078125 0.6640625000000001 0.746875 0.6640625000000002
1 0.646875 0.475 0.60625 0.475 0.60625 0.63125 0.646875 0.63125
1 0.3359375000000001 0.421875 0.2953125000000001 0.421875 0.2953125000000001 0.565625 0.3359375000000001 0.565625
1 0.18750000000000006 0.5046875 0.13593750000000004 0.5046875 0.13593750000000007 0.69375 0.18750000000000008 0.69375
1 0.10937500000000004 0.396875 0.07812500000000004 0.396875 0.07812500000000006 0.5171875 0.10937500000000004 0.5171875
1 0.14531250000000007 0.471875 0.09843750000000007 0.471875 0.09843750000000008 0.640625 0.1453125000000001 0.640625
1 0.08125000000000006 0.4046875 0.042187500000000044 0.4046875 0.04218750000000006 0.540625 0.08125000000000007 0.540625
1 0.2875000000000001 0.625 0.22656250000000008 0.625 0.22656250000000008 0.86875 0.2875000000000001 0.86875
1 0.2765625000000001 0.446875 0.23437500000000008 0.446875 0.23437500000000008 0.596875 0.2765625000000001 0.596875
1 0.7796875 0.4781250000000002 0.7421875 0.4781250000000002 0.7421875 0.6265625000000001 0.7796875 0.6265625000000001
1 0.321875 0.346875 0.296875 0.346875 0.29687500000000006 0.440625 0.3218750000000001 0.440625
1 0.36250000000000004 0.34375 0.3359375 0.34375 0.33593750000000006 0.4453125 0.3625000000000001 0.4453125
1 0.2171875000000001 0.4046875 0.18281250000000004 0.4046875 0.18281250000000004 0.5375 0.2171875000000001 0.5375
0 0.14687500000000012 0.7640625 0.07031250000000008 0.7640625 0.07031250000000011 1 0.14687500000000014 1
3 0.1140625000000001 0.7640625 0.08750000000000009 0.7640625 0.08750000000000009 0.8140625 0.1140625000000001 0.8140625
2 0.36406250000000007 0.921875 0.3312500000000001 0.921875 0.3312500000000001 0.9796875 0.36406250000000007 0.9796875
2 0.6515625000000002 0.9390625 0.6187500000000001 0.9390625 0.6187500000000001 1 0.6515625000000002 1
2 0.5578125000000002 0.7484375 0.5328125000000001 0.7484375 0.5328125000000001 0.8015625 0.5578125000000002 0.8015625
2 0.7375 0.6890625000000001 0.7140625 0.6890625 0.7140625 0.7281250000000001 0.7375000000000002 0.7281250000000001
2 0.7375 0.4953125000000001 0.7234375 0.4953125 0.7234375 0.5203125000000001 0.7375 0.5203125000000002
2 0.3703125000000001 0.6546875 0.3453125000000001 0.6546875 0.3453125000000001 0.7046875 0.3703125000000001 0.7046875
2 0.21875000000000008 0.6921875 0.19531250000000008 0.6921875 0.19531250000000008 0.7375 0.21875000000000008 0.7375
0 0.29687500000000006 0.3375 0.2734375 0.3375 0.27343750000000006 0.43125 0.2968750000000001 0.43125
1 0.2734375000000001 0.371875 0.2453125000000001 0.371875 0.2453125000000001 0.475 0.2734375000000001 0.475
2 0.840625 0.5406250000000001 0.825 0.5406250000000001 0.825 0.5718750000000001 0.840625 0.5718750000000001
3 0.2656250000000001 0.625 0.2468750000000001 0.625 0.2468750000000001 0.659375 0.2656250000000001 0.659375
2 0.17656250000000004 0.503125 0.16093750000000004 0.503125 0.16093750000000004 0.534375 0.17656250000000004 0.534375
2 0.13281250000000006 0.471875 0.11875000000000005 0.471875 0.11875000000000005 0.5 0.13281250000000006 0.5
2 0.2765625000000001 0.5515625 0.2609375000000001 0.5515625 0.2609375000000001 0.5796875 0.2765625000000001 0.5796875
2 0.553125 0.4984375 0.5375 0.4984375 0.5375 0.5265625 0.553125 0.5265625
2 0.6359375 0.4765625 0.6234375 0.4765625 0.6234375 0.5015625 0.6359375 0.5015625
2 0.17343750000000005 0.45 0.16250000000000003 0.45 0.16250000000000003 0.475 0.17343750000000005 0.475
2 0.16093750000000004 0.45 0.14843750000000006 0.45 0.14843750000000006 0.475 0.16093750000000004 0.475
2 0.15312500000000004 0.4328125 0.14062500000000006 0.4328125 0.14062500000000006 0.4578125 0.15312500000000004 0.4578125
2 0.3234375000000001 0.4234375 0.3125000000000001 0.4234375 0.3125000000000001 0.45 0.3234375000000001 0.45
1 0.6 0.3312500000000001 0.578125 0.3312500000000001 0.578125 0.40625 0.6 0.40625
1 0.5828125 0.3109375000000001 0.5671875 0.3109375000000001 0.5671875 0.37968750000000007 0.5828125 0.37968750000000007
1 0.5671875 0.29375000000000007 0.5484375 0.29375000000000007 0.5484375 0.3609375000000001 0.5671875 0.3609375000000001
1 0.39687500000000003 0.33281250000000007 0.3734375 0.33281250000000007 0.37343750000000003 0.425 0.3968750000000001 0.425
1 0.4921875 0.3109375000000001 0.471875 0.3109375000000001 0.471875 0.3750000000000001 0.4921875 0.3750000000000001
2 0.7671875 0.4781250000000002 0.7546875 0.4781250000000002 0.7546875 0.5015625000000001 0.7671875 0.5015625000000001
2 0.634375 0.4265625 0.621875 0.4265625 0.621875 0.45 0.634375 0.45
2 0.22812500000000008 0.70625 0.2171875000000001 0.70625 0.2171875000000001 0.75 0.22812500000000008 0.75
1 0.22968750000000004 0.3578125 0.2 0.3578125 0.20000000000000004 0.4765625 0.2296875000000001 0.4765625
2 0.2656250000000001 0.446875 0.2515625000000001 0.446875 0.2515625000000001 0.4703125 0.2656250000000001 0.4703125
2 0.10000000000000005 0.396875 0.09062500000000004 0.396875 0.09062500000000004 0.4203125 0.10000000000000005 0.4203125
2 0.06875000000000005 0.4046875 0.05625000000000004 0.4046875 0.05625000000000004 0.43125 0.06875000000000005 0.43125
2 0.17656250000000004 0.4171875 0.16562500000000005 0.4171875 0.16562500000000005 0.4375 0.17656250000000004 0.4375