1 0.7046875000000001 0.771875 0.6140625000000002 0.771875 0.6140625000000002 1 0.7046875000000001 1
1 0.890625 0.6765625000000002 0.815625 0.6765625000000002 0.815625 0.95625 0.890625 0.95625
1 0.5296875000000002 0.7328125 0.45312500000000017 0.7328125 0.45312500000000017 1 0.5296875000000002 1
1 0.4328125000000001 0.6671875 0.3625000000000001 0.6671875 0.3625000000000001 0.940625 0.43281250000000016 0.940625
1 0.7546875 0.5203125000000001 0.696875 0.5203125 0.696875 0.7156250000000001 0.7546875 0.7156250000000002
1 0.8046875 0.44843750000000016 0.7625 0.44843750000000016 0.7625 0.6031250000000001 0.8046875 0.6031250000000001
1 0.4953125 0.5078125 0.44375 0.5078125 0.44375 0.7125 0.4953125 0.7125
1 0.4140625 0.446875 0.3687500000000001 0.446875 0.3687500000000001 0.6140625 0.4140625 0.6140625
1 0.3546875000000001 0.821875 0.2328125000000001 0.821875 0.2328125000000001 1 0.3546875000000001 1
1 0.3218750000000001 0.6078125 0.2468750000000001 0.6078125 0.2468750000000001 0.84375 0.3218750000000001 0.84375
1 0.32500000000000007 0.38125 0.2890625000000001 0.38125 0.2890625000000001 0.509375 0.32500000000000007 0.509375
1 0.27968750000000003 0.321875 0.2515625 0.321875 0.2515625 0.43125 0.2796875000000001 0.43125
1 0.23750000000000004 0.3484375 0.209375 0.3484375 0.20937500000000003 0.475 0.2375000000000001 0.475
1 0.625 0.3812500000000001 0.6 0.3812500000000001 0.6 0.5015625 0.625 0.5015625
1 0.05156250000000005 0.3578125 0.021875000000000044 0.3578125 0.02187500000000005 0.4703125 0.05156250000000007 0.4703125
2 0.409375 0.6671875 0.38750000000000007 0.6671875 0.38750000000000007 0.709375 0.409375 0.709375
2 0.6796875000000002 0.771875 0.6531250000000002 0.771875 0.6531250000000002 0.81875 0.6796875000000002 0.81875
1 0.8609375 0.5953125000000001 0.803125 0.5953125000000001 0.803125 0.8015625 0.8609375 0.8015625
2 0.8671875 0.6765625000000002 0.8453125 0.6765625000000002 0.8453125 0.7187500000000002 0.8671875 0.7187500000000002
2 0.746875 0.5250000000000001 0.73125 0.5250000000000001 0.73125 0.5562500000000001 0.746875 0.5562500000000001
2 0.4828125 0.50625 0.4671875 0.50625 0.4671875 0.54375 0.4828125 0.54375
2 0.2984375000000001 0.825 0.2687500000000001 0.825 0.2687500000000001 0.8796875 0.2984375000000001 0.8796875
2 0.3031250000000001 0.621875 0.2812500000000001 0.621875 0.2812500000000001 0.665625 0.3031250000000001 0.665625
1 0.39687500000000003 0.3281250000000001 0.36875 0.3281250000000001 0.36875 0.428125 0.3968750000000001 0.428125
1 0.590625 0.3046875000000001 0.56875 0.3046875000000001 0.56875 0.38750000000000007 0.590625 0.38750000000000007
0 0.11406250000000004 0.378125 0.08593750000000004 0.378125 0.08593750000000006 0.5078125 0.11406250000000004 0.5078125
2 0.8484375 0.6125000000000002 0.8328125 0.6125000000000002 0.8328125 0.6468750000000002 0.8484375 0.6468750000000002
2 0.621875 0.553125 0.603125 0.553125 0.603125 0.5859375 0.621875 0.5859375
1 0.671875 0.4984375 0.6296875 0.4984375 0.6296875 0.603125 0.671875 0.603125
1 0.6734375 0.41875 0.6375 0.41875 0.6375 0.5390625 0.6734375 0.5390625
2 0.6578125 0.4984375 0.64375 0.4984375 0.64375 0.525 0.6578125 0.525
1 0.6671875 0.3515625000000001 0.6421875 0.3515625000000001 0.6421875 0.44375 0.6671875 0.44375
2 0.6625 0.41875 0.6515625 0.41875 0.6515625 0.440625 0.6625 0.440625
2 0.6609375 0.3515625000000001 0.6515625 0.3515625000000001 0.6515625 0.3687500000000001 0.6609375 0.3687500000000001
2 0.61875 0.3828125000000001 0.609375 0.3828125000000001 0.609375 0.4015625 0.61875 0.4015625
2 0.7546875 0.46875000000000017 0.7421875 0.46875000000000017 0.7421875 0.4906250000000002 0.7546875 0.4906250000000002
3 0.7953125 0.44843750000000016 0.784375 0.44843750000000016 0.784375 0.4734375000000002 0.7953125 0.4734375000000002
2 0.4015625 0.4453125 0.38750000000000007 0.4453125 0.38750000000000007 0.471875 0.4015625 0.471875
2 0.5046875000000002 0.7328125 0.4812500000000002 0.7328125 0.4812500000000002 0.771875 0.5046875000000002 0.771875
0 0.18906250000000005 0.3828125 0.15312500000000004 0.3828125 0.15312500000000004 0.4703125 0.18906250000000005 0.4703125
3 0.17968750000000006 0.3828125 0.16875000000000004 0.3828125 0.16875000000000004 0.409375 0.17968750000000006 0.409375
1 0.13906250000000003 0.40625 0.09843750000000004 0.40625 0.09843750000000005 0.515625 0.13906250000000003 0.515625
2 0.13125000000000003 0.40625 0.11875000000000005 0.40625 0.11875000000000005 0.4359375 0.13125000000000003 0.4359375
1 0.609375 0.3593750000000001 0.584375 0.3593750000000001 0.584375 0.4765625 0.609375 0.4765625
3 0.2968750000000001 0.5046875 0.2812500000000001 0.5046875 0.2812500000000001 0.53125 0.2968750000000001 0.53125
2 0.3156250000000001 0.38125 0.3046875000000001 0.38125 0.3046875000000001 0.40625 0.3156250000000001 0.40625