1 0.5656250000000002 0.7453125 0.4734375000000002 0.7453125 0.4734375000000002 1 0.5656250000000002 1
1 0.4609375000000001 0.6390625 0.3937500000000001 0.6390625 0.3937500000000001 0.909375 0.46093750000000017 0.909375
1 0.4046875000000001 0.5859375 0.3453125000000001 0.5859375 0.3453125000000001 0.8234375 0.4046875000000002 0.8234375
1 0.853125 0.6140625000000002 0.784375 0.6140625000000002 0.784375 0.8625 0.853125 0.8625
1 0.6156250000000001 0.68125 0.5359375 0.68125 0.5359375000000001 0.9765625 0.6156250000000002 0.9765625
1 0.4234375 0.4625 0.3734375000000001 0.4625 0.3734375000000001 0.6484375 0.4234375 0.6484375
1 0.29375000000000007 0.5421875 0.22656250000000008 0.5421875 0.22656250000000008 0.771875 0.29375000000000007 0.771875
1 0.2515625000000001 0.3875 0.2093750000000001 0.3875 0.2093750000000001 0.5296875 0.2515625000000001 0.5296875
1 0.15468750000000003 0.3703125 0.11406250000000004 0.3703125 0.11406250000000004 0.5203125 0.15468750000000003 0.5203125
1 0.2984375 0.34375 0.259375 0.34375 0.259375 0.4703125 0.2984375000000001 0.4703125
1 0.36250000000000004 0.3265625 0.3328125 0.3265625 0.33281250000000007 0.434375 0.3625000000000001 0.434375
1 0.665625 0.45625 0.628125 0.45625 0.628125 0.546875 0.665625 0.546875
1 0.7640625 0.4203125000000002 0.7359375 0.4203125000000002 0.7359375 0.5640625000000001 0.7640625 0.5640625000000001
1 0.61875 0.3375000000000001 0.5859375 0.3375000000000001 0.5859375 0.4546875 0.61875 0.4546875
1 0.34843750000000007 0.4171875 0.3046875000000001 0.4171875 0.3046875000000001 0.5765625 0.34843750000000007 0.5765625
1 0.18593750000000003 0.35625 0.15468750000000003 0.35625 0.15468750000000003 0.490625 0.18593750000000003 0.490625
1 0.7234375000000001 0.534375 0.675 0.534375 0.675 0.7359375 0.7234375000000002 0.7359375
1 0.653125 0.3593750000000001 0.6265625 0.3593750000000001 0.6265625 0.4671875 0.653125 0.4671875
1 0.675 0.37968750000000007 0.64375 0.37968750000000007 0.64375 0.503125 0.675 0.503125
1 1 0.6421875000000001 0.9390625 0.6421875000000001 0.9390625 0.859375 1 0.859375
1 1 0.7078125000000002 0.959375 0.7078125000000002 0.959375 0.9796875 1 0.9796875
2 0.5281250000000002 0.746875 0.5031250000000002 0.746875 0.5031250000000002 0.8 0.5281250000000002 0.8
2 0.5921875 0.6796875 0.56875 0.6796875 0.56875 0.7234375 0.5921875 0.7234375
2 0.3843750000000001 0.5859375 0.3671875000000001 0.5859375 0.3671875000000001 0.6203125 0.3843750000000001 0.6203125
2 0.409375 0.4625 0.39531250000000007 0.4625 0.39531250000000007 0.49375 0.409375 0.49375
2 0.2750000000000001 0.553125 0.2562500000000001 0.553125 0.2562500000000001 0.590625 0.2750000000000001 0.590625
2 0.834375 0.6140625000000002 0.8140625 0.6140625000000002 0.8140625 0.6515625000000002 0.834375 0.6515625000000002
2 0.6203125 0.5078125 0.603125 0.5078125 0.603125 0.5359375 0.6203125 0.5359375
2 0.728125 0.4375000000000001 0.7171875 0.4375 0.7171875 0.4593750000000001 0.728125 0.4593750000000002
3 0.2812500000000001 0.471875 0.2687500000000001 0.471875 0.2687500000000001 0.496875 0.2812500000000001 0.496875
2 0.3359375000000001 0.41875 0.3218750000000001 0.41875 0.3218750000000001 0.4453125 0.3359375000000001 0.4453125
1 0.3218750000000001 0.4546875 0.2828125000000001 0.4546875 0.2828125000000001 0.640625 0.3218750000000001 0.640625
2 0.3046875000000001 0.4546875 0.2906250000000001 0.4546875 0.2906250000000001 0.48125 0.3046875000000001 0.48125
2 0.17968750000000006 0.35625 0.16875000000000004 0.35625 0.16875000000000004 0.3796875 0.17968750000000006 0.3796875
2 0.13906250000000003 0.3703125 0.12968750000000004 0.3703125 0.12968750000000004 0.3984375 0.13906250000000003 0.3984375
2 0.7 0.5484375 0.6859375 0.5484375 0.6859375 0.578125 0.7 0.578125
3 0.7578125 0.4203125000000002 0.74375 0.4203125000000002 0.74375 0.4437500000000002 0.7578125 0.4437500000000002
2 0.7203125 0.4765625 0.7078125 0.4765625 0.7078125 0.5015625 0.7203125 0.5015625
2 0.653125 0.45625 0.6421875 0.45625 0.6421875 0.4796875 0.653125 0.4796875
2 0.6640625 0.37968750000000007 0.6546875 0.37968750000000007 0.6546875 0.4015625 0.6640625 0.4015625
2 0.2390625000000001 0.3875 0.22812500000000008 0.3875 0.22812500000000008 0.4140625 0.2390625000000001 0.4140625
2 0.28593750000000007 0.34375 0.275 0.34375 0.275 0.3703125 0.28593750000000007 0.3703125
1 0.6328125 0.27812500000000007 0.615625 0.27812500000000007 0.615625 0.3468750000000001 0.6328125 0.3468750000000001
1 0.590625 0.2828125000000001 0.56875 0.2828125000000001 0.56875 0.3593750000000001 0.590625 0.3593750000000001
2 0.64375 0.3593750000000001 0.6328125 0.3593750000000001 0.6328125 0.3765625000000001 0.64375 0.3765625000000001
2 0.440625 0.6390625 0.421875 0.6390625 0.421875 0.671875 0.440625 0.671875
2 1 0.6406250000000002 0.978125 0.6406250000000002 0.978125 0.6828125000000002 1 0.6828125000000002
1 0.5015625 0.26250000000000007 0.4875 0.26250000000000007 0.4875 0.3359375000000001 0.5015625 0.3359375000000001