1 0.3125000000000001 0.503125 0.2500000000000001 0.503125 0.2500000000000001 0.7078125 0.3125000000000001 0.7078125
1 0.22031250000000008 0.4546875 0.16250000000000003 0.4546875 0.16250000000000006 0.6453125 0.22031250000000008 0.6453125
1 0.59375 0.3078125000000001 0.5625 0.3078125000000001 0.5625 0.415625 0.59375 0.415625
1 0.7234375 0.3656250000000001 0.69375 0.3656250000000001 0.69375 0.4953125 0.7234375 0.4953125
1 0.696875 0.3828125000000001 0.671875 0.3828125000000001 0.671875 0.5078125 0.696875 0.5078125
1 0.509375 0.2656250000000001 0.490625 0.2656250000000001 0.490625 0.34843750000000007 0.509375 0.34843750000000007
1 0.15625000000000006 0.3640625 0.11093750000000005 0.3640625 0.11093750000000005 0.51875 0.15625000000000006 0.51875
1 0.2671875 0.2984375 0.2390625 0.2984375 0.23906250000000004 0.403125 0.2671875000000001 0.403125
1 0.31093750000000003 0.2953125 0.284375 0.2953125 0.28437500000000004 0.4 0.3109375000000001 0.4
1 0.33593750000000006 0.2875 0.3109375 0.2875 0.31093750000000003 0.3921875 0.3359375000000001 0.3921875
1 0.9945881734658304 0.6222723261855474 0.9284131102472664 0.6203288185698568 0.9210012459019682 0.8726975706435217 0.9871763091205322 0.8746410782592126
2 0.9734375 0.6234375000000002 0.9546875 0.6234375000000002 0.9546875 0.6609375000000002 0.9734375 0.6609375000000002
1 0.968969869779904 0.5753427706095913 0.9052723955091986 0.5677862441111208 0.8814470650987823 0.7686210286004936 0.9451445393694877 0.776177555098964
2 0.95 0.5750000000000002 0.934375 0.5750000000000002 0.934375 0.6093750000000002 0.95 0.6093750000000002
1 0.7423981203125 0.6127310015625002 0.67813281875 0.6127310015625 0.6781328187500001 0.8617930578124999 0.7423981203125001 0.8617930578124999
2 0.7203125 0.6140625 0.7015625 0.6140625 0.7015625 0.6546875 0.7203125 0.6546875
1 0.7955543789137518 0.7559881701915104 0.7713664585310409 0.5451758810137721 0.7092094171340856 0.5523075789541462 0.7333973375167965 0.7631198681318845
2 0.7640625 0.5484375000000001 0.74375 0.5484375000000001 0.74375 0.5859375000000002 0.7640625 0.5859375000000002
1 0.8158521893517848 0.5075422211769804 0.7648097810029213 0.50634426349534 0.7604196300586569 0.6933991825835031 0.8114620384075204 0.6945971402651436
2 0.7953125 0.5078125000000002 0.78125 0.5078125000000002 0.78125 0.5375000000000002 0.7953125 0.5375000000000002
1 0.4481563228904821 0.6069251121431807 0.4363679379446542 0.4326291397832326 0.3894417008303238 0.4358029626758265 0.40123008577615177 0.6100989350357746
1 0.42592687500000004 0.540094459375 0.35992961875000007 0.540094459375 0.35992961875000007 0.7748723562500001 0.42592687500000015 0.7748723562500001
2 0.40625 0.5421875 0.3890625000000001 0.5421875 0.3890625000000001 0.575 0.40625 0.575
2 0.2984375000000001 0.471875 0.2843750000000001 0.471875 0.2843750000000001 0.503125 0.2984375000000001 0.503125
2 0.2093750000000001 0.4640625 0.19218750000000004 0.4640625 0.19218750000000004 0.4953125 0.2093750000000001 0.4953125
1 0.2531421848552286 0.576741445580115 0.24896368679822664 0.40431282059785045 0.22609302717063445 0.40486704995986084 0.2302715252276364 0.5772956749421254
2 0.2453125000000001 0.40625 0.2328125000000001 0.40625 0.2328125000000001 0.43125 0.2453125000000001 0.43125
2 0.4265625 0.4453125 0.4140625 0.4453125 0.4140625 0.471875 0.4265625 0.471875
2 0.14375000000000004 0.3640625 0.13125000000000003 0.3640625 0.13125000000000003 0.396875 0.14375000000000004 0.396875
2 0.07187500000000005 0.3984375 0.05625000000000004 0.3984375 0.05625000000000004 0.4296875 0.07187500000000005 0.4296875
1 0.11216184811943815 0.4772529049709749 0.09967666021651957 0.32814652385193627 0.05920561911262069 0.331535302715837 0.07169080701553927 0.48064168383487554
2 0.08906250000000004 0.346875 0.07656250000000005 0.346875 0.07656250000000005 0.3703125 0.08906250000000004 0.3703125
1 0.2775281666853251 0.5468868830147912 0.2685272794130747 0.38999058567876993 0.24112719422777446 0.39156248432896407 0.25012808150002486 0.5484587816649853
2 0.2640625000000001 0.390625 0.2515625000000001 0.390625 0.2515625000000001 0.41875 0.2640625000000001 0.41875
0 0.2536338568112374 0.5987285115511581 0.23452818977038775 0.4152195724578405 0.2016140459162273 0.4186463628720799 0.2207197129570769 0.6021553019653976
3 0.2296875000000001 0.4171875 0.2156250000000001 0.4171875 0.2156250000000001 0.4421875 0.2296875000000001 0.4421875
1 0.22651317496327267 0.3347773993742646 0.19420362200336316 0.33296092302612523 0.1872514743529145 0.45661834522562594 0.21956102731282404 0.45843482157376536
2 0.21875 0.3359375 0.2078125 0.3359375 0.2078125 0.359375 0.21875 0.359375
2 0.2875000000000001 0.503125 0.2718750000000001 0.503125 0.2718750000000001 0.53125 0.2875000000000001 0.53125
1 0.646875 0.3843750000000001 0.6171875 0.3843750000000001 0.6171875 0.4671875 0.646875 0.4671875
2 0.6375 0.3843750000000001 0.6265625 0.3843750000000001 0.6265625 0.4046875 0.6375 0.4046875
2 0.66875 0.4015625 0.6578125 0.4015625 0.6578125 0.421875 0.66875 0.421875
2 0.690625 0.3828125000000001 0.68125 0.3828125000000001 0.68125 0.4015625 0.690625 0.4015625
2 0.66875 0.3343750000000001 0.659375 0.3343750000000001 0.659375 0.3531250000000001 0.66875 0.3531250000000001
0 0.403125 0.27031250000000007 0.3859375 0.27031250000000007 0.3859375 0.3515625000000001 0.403125 0.3515625000000001
1 0.3814010671875 0.2877492359375001 0.35361116406250004 0.28774923593750007 0.35361116406250004 0.39194150625000007 0.38140106718750005 0.3919415062500001
1 0.3632219282708545 0.3842412408243104 0.3597502597182498 0.2903806421166319 0.33543666385456344 0.29127994115502376 0.3389083324071681 0.38514053986270225
2 0.051562500000000046 0.3828125 0.03906250000000004 0.3828125 0.03906250000000005 0.4140625 0.051562500000000046 0.4140625
2 0.2375000000000001 0.36875 0.22656250000000008 0.36875 0.22656250000000008 0.39375 0.2375000000000001 0.39375
2 0.61875 0.43125 0.60625 0.43125 0.60625 0.4546875 0.61875 0.4546875
3 0.715625 0.3671875000000001 0.703125 0.3671875000000001 0.703125 0.3890625000000001 0.715625 0.3890625000000001