1 0.953125 0.5890625000000002 0.8921875 0.5890625000000002 0.8921875 0.8140625 0.953125 0.8140625
1 0.7500000000000001 0.5640625000000001 0.690625 0.5640625 0.690625 0.784375 0.7500000000000002 0.7843750000000002
1 0.675 0.509375 0.6140625 0.509375 0.6140625 0.703125 0.675 0.703125
1 0.8421875 0.5265625000000002 0.7796875 0.5265625000000002 0.7796875 0.7203125000000001 0.8421875 0.7203125000000001
1 0.8 0.46875000000000017 0.75 0.46875000000000017 0.75 0.6453125000000002 0.8 0.6453125000000002
1 0.721875 0.3546875000000001 0.6859375 0.3546875000000001 0.6859375 0.475 0.721875 0.475
1 0.6890625 0.3656250000000001 0.65625 0.3656250000000001 0.65625 0.475 0.6890625 0.475
1 0.584375 0.30156250000000007 0.5546875 0.30156250000000007 0.5546875 0.40625 0.584375 0.40625
1 0.3296875000000001 0.4890625 0.2687500000000001 0.4890625 0.2687500000000001 0.69375 0.3296875000000001 0.69375
1 0.34843750000000007 0.403125 0.3062500000000001 0.403125 0.3062500000000001 0.559375 0.34843750000000007 0.559375
1 0.2468750000000001 0.4609375 0.20312500000000008 0.4609375 0.20312500000000008 0.646875 0.2468750000000001 0.646875
1 0.15312500000000004 0.3453125 0.11250000000000004 0.3453125 0.11250000000000004 0.478125 0.15312500000000004 0.478125
1 0.19062500000000007 0.428125 0.13593750000000004 0.428125 0.13593750000000007 0.603125 0.1906250000000001 0.603125
1 0.26250000000000007 0.30625 0.23125 0.30625 0.23125000000000004 0.4171875 0.26250000000000007 0.4171875
1 0.29687500000000006 0.3015625 0.26875 0.3015625 0.26875000000000004 0.4125 0.2968750000000001 0.4125
1 0.33906250000000004 0.296875 0.3078125 0.296875 0.30781250000000004 0.409375 0.3390625000000001 0.409375
1 0.36718750000000006 0.29531250000000003 0.34375 0.2953125 0.34375000000000006 0.4015625 0.3671875000000001 0.4015625
1 0.6375 0.2968750000000001 0.6171875 0.2968750000000001 0.6171875 0.3843750000000001 0.6375 0.3843750000000001
1 0.503125 0.2734375000000001 0.4828125 0.2734375000000001 0.4828125 0.3609375000000001 0.503125 0.3609375000000001
2 0.3109375000000001 0.490625 0.2953125000000001 0.490625 0.2953125000000001 0.5203125 0.3109375000000001 0.5203125
2 0.728125 0.5625000000000001 0.7109375 0.5625 0.7109375 0.6000000000000001 0.728125 0.6000000000000002
2 0.9375 0.5890625000000002 0.91875 0.5890625000000002 0.91875 0.6250000000000002 0.9375 0.6250000000000002
2 0.7828125 0.4671875000000002 0.7703125 0.4671875000000002 0.7703125 0.4968750000000002 0.7828125 0.4968750000000002
2 0.2531250000000001 0.4390625 0.2406250000000001 0.4390625 0.2406250000000001 0.465625 0.2531250000000001 0.465625
2 0.821875 0.5265625000000002 0.80625 0.5265625000000002 0.80625 0.5562500000000001 0.821875 0.5562500000000001
2 0.6578125 0.509375 0.640625 0.509375 0.640625 0.5421875 0.6578125 0.5421875
2 0.17812500000000003 0.4375 0.16093750000000004 0.4375 0.16093750000000004 0.465625 0.17812500000000003 0.465625
2 0.3312500000000001 0.415625 0.3203125000000001 0.415625 0.3203125000000001 0.4375 0.3312500000000001 0.4375
2 0.14218750000000005 0.346875 0.13281250000000006 0.346875 0.13281250000000006 0.371875 0.14218750000000005 0.371875
2 0.21250000000000008 0.3859375 0.2015625000000001 0.3859375 0.2015625000000001 0.409375 0.21250000000000008 0.409375
3 0.2015625000000001 0.396875 0.19062500000000004 0.396875 0.19062500000000004 0.41875 0.2015625000000001 0.41875
2 0.20468750000000008 0.36875 0.19218750000000004 0.36875 0.19218750000000004 0.39375 0.20468750000000008 0.39375
2 0.19687500000000005 0.3515625 0.18593750000000003 0.3515625 0.18593750000000003 0.375 0.19687500000000005 0.375
2 0.2546875 0.30625 0.2453125 0.30625 0.2453125 0.328125 0.2546875 0.328125
3 0.7140625 0.3546875000000001 0.703125 0.3546875000000001 0.703125 0.3734375000000001 0.7140625 0.3734375000000001
2 0.6515625 0.37187500000000007 0.640625 0.37187500000000007 0.640625 0.3921875000000001 0.6515625 0.3921875000000001
2 0.5765625 0.30156250000000007 0.5671875 0.30156250000000007 0.5671875 0.31718750000000007 0.5765625 0.31718750000000007
2 0.678125 0.3656250000000001 0.66875 0.3656250000000001 0.66875 0.3828125000000001 0.678125 0.3828125000000001
2 0.07343750000000004 0.3875 0.059375000000000046 0.3875 0.059375000000000046 0.41875 0.07343750000000004 0.41875
2 0.043750000000000046 0.3453125 0.03281250000000004 0.3453125 0.03281250000000004 0.36875 0.043750000000000046 0.36875
2 0.2875 0.3015625 0.2796875 0.3015625 0.2796875 0.3234375 0.2875 0.3234375
2 0.3296875 0.296875 0.321875 0.296875 0.321875 0.31875 0.3296875 0.31875
1 0.384375 0.2734375000000001 0.365625 0.2734375000000001 0.365625 0.35625000000000007 0.384375 0.35625000000000007
1 0.5171875 0.2484375000000001 0.4984375 0.2484375000000001 0.4984375 0.3187500000000001 0.5171875 0.3187500000000001
1 0.6625 0.2875000000000001 0.6421875 0.2875000000000001 0.6421875 0.3734375000000001 0.6625 0.3734375000000001