1 0.4437500000000001 0.709375 0.37187500000000007 0.709375 0.37187500000000007 1 0.4437500000000002 1
1 0.4546875 0.4625 0.4046875 0.4625 0.4046875 0.634375 0.4546875 0.634375
1 0.5421875 0.5328125 0.484375 0.5328125 0.4843750000000001 0.7453125 0.5421875000000002 0.7453125
1 0.5625000000000002 0.7890625 0.47968750000000016 0.7890625 0.47968750000000016 1 0.5625000000000002 1
1 0.7484375000000002 0.825 0.6593750000000002 0.825 0.6593750000000002 1 0.7484375000000002 1
1 0.896875 0.7140625000000002 0.815625 0.7140625000000002 0.815625 1 0.896875 1
1 0.7718750000000001 0.55 0.7109375 0.55 0.7109375000000001 0.7562500000000001 0.7718750000000002 0.7562500000000002
1 0.821875 0.4656250000000002 0.778125 0.4656250000000002 0.778125 0.6234375000000002 0.821875 0.6234375000000002
1 0.9609375 0.6296875000000002 0.8859375 0.6296875000000002 0.8859375 0.86875 0.9609375 0.86875
1 0.3421875000000001 0.6515625 0.2593750000000001 0.6515625 0.2593750000000001 0.928125 0.3421875000000001 0.928125
1 0.6265625 0.3968750000000001 0.596875 0.3968750000000001 0.596875 0.51875 0.6265625 0.51875
1 0.1890625000000001 0.8640625 0.07031250000000011 0.8640625 0.07031250000000012 1 0.18906250000000013 1
1 0.17500000000000004 0.3984375 0.13437500000000005 0.3984375 0.13437500000000005 0.54375 0.17500000000000004 0.54375
1 0.2984375 0.321875 0.275 0.321875 0.275 0.4296875 0.2984375000000001 0.4296875
1 0.3578125000000001 0.375 0.3234375000000001 0.375 0.3234375000000001 0.503125 0.3578125000000001 0.503125
1 0.403125 0.3265625000000001 0.3796875 0.3265625000000001 0.37968750000000007 0.4234375 0.403125 0.4234375
1 0.665625 0.3609375000000001 0.6390625 0.3609375000000001 0.6390625 0.4625 0.665625 0.4625
1 0.6109375 0.37187500000000007 0.584375 0.37187500000000007 0.584375 0.4859375 0.6109375 0.4859375
1 0.5875 0.3156250000000001 0.5671875 0.3156250000000001 0.5671875 0.4015625 0.5875 0.4015625
0 0.13281250000000006 0.375 0.10312500000000005 0.375 0.10312500000000005 0.5015625 0.13281250000000006 0.5015625
1 0.09687500000000006 0.35 0.06406250000000005 0.35 0.06406250000000005 0.465625 0.09687500000000007 0.465625
2 0.12968750000000012 0.865625 0.09687500000000011 0.865625 0.09687500000000011 0.9234375 0.12968750000000012 0.9234375
2 0.7265625000000002 0.825 0.6968750000000001 0.825 0.6968750000000001 0.88125 0.7265625000000002 0.88125
2 0.86875 0.7156250000000002 0.8453125 0.7156250000000002 0.8453125 0.7609375000000002 0.86875 0.7609375000000002
2 0.9390625 0.6468750000000002 0.921875 0.6468750000000002 0.921875 0.6812500000000001 0.9390625 0.6812500000000001
2 0.7609375 0.5562500000000001 0.7453125 0.5562500000000001 0.7453125 0.5859375000000002 0.7609375 0.5859375000000002
2 0.5234375 0.5328125 0.50625 0.5328125 0.50625 0.56875 0.5234375 0.56875
2 0.4203125000000001 0.709375 0.3968750000000001 0.709375 0.3968750000000001 0.7578125 0.4203125000000002 0.7578125
2 0.31718750000000007 0.6640625 0.2953125000000001 0.6640625 0.2953125000000001 0.7078125 0.31718750000000007 0.7078125
3 0.2968750000000001 0.5203125 0.2828125000000001 0.5203125 0.2828125000000001 0.546875 0.2968750000000001 0.546875
1 0.671875 0.521875 0.628125 0.521875 0.628125 0.6328125 0.671875 0.6328125
1 0.571875 0.3031250000000001 0.553125 0.3031250000000001 0.553125 0.3812500000000001 0.571875 0.3812500000000001
2 0.3062500000000001 0.5 0.2906250000000001 0.5 0.2906250000000001 0.528125 0.3062500000000001 0.528125
2 0.5343750000000002 0.7890625 0.5078125000000002 0.7890625 0.5078125000000002 0.83125 0.5343750000000002 0.83125
2 0.6578125 0.5203125 0.6421875 0.5203125 0.6421875 0.5484375 0.6578125 0.5484375
2 0.621875 0.578125 0.603125 0.578125 0.603125 0.6109375 0.621875 0.6109375
2 0.775 0.4859375000000002 0.7609375 0.4859375000000002 0.7609375 0.5078125000000002 0.775 0.5078125000000002
3 0.8125 0.4656250000000002 0.8 0.4656250000000002 0.8 0.48750000000000016 0.8125 0.48750000000000016
2 0.6609375 0.4375 0.65 0.4375 0.65 0.4609375 0.6609375 0.4609375
2 0.6171875 0.3968750000000001 0.6078125 0.3968750000000001 0.6078125 0.4171875 0.6171875 0.4171875
2 0.60625 0.3703125000000001 0.596875 0.3703125000000001 0.596875 0.3890625000000001 0.60625 0.3890625000000001
2 0.440625 0.4625 0.4265625 0.4625 0.4265625 0.4921875 0.440625 0.4921875
2 0.34843750000000007 0.375 0.3375000000000001 0.375 0.3375000000000001 0.3984375 0.34843750000000007 0.3984375
2 0.16406250000000006 0.3984375 0.15156250000000004 0.3984375 0.15156250000000004 0.4265625 0.16406250000000006 0.4265625
2 0.659375 0.3609375000000001 0.6484375 0.3609375000000001 0.6484375 0.37968750000000007 0.659375 0.37968750000000007
2 0.21093750000000006 0.3609375 0.2015625 0.3609375 0.20156250000000003 0.3859375 0.21093750000000008 0.3859375
3 0.2296875000000001 0.378125 0.21875000000000008 0.378125 0.21875000000000008 0.403125 0.2296875000000001 0.403125
2 0.25312500000000004 0.346875 0.24375 0.346875 0.24375000000000005 0.3703125 0.2531250000000001 0.3703125