1 0.7546875000000001 0.7171875000000001 0.6859375 0.7171875 0.6859375000000001 1 0.7546875000000002 1
1 0.5578125 0.509375 0.50625 0.509375 0.50625 0.70625 0.5578125 0.70625
1 0.23437500000000008 0.70625 0.1453125000000001 0.70625 0.14531250000000012 1 0.23437500000000008 1
1 0.3343750000000001 0.659375 0.2718750000000001 0.659375 0.2718750000000001 0.9265625 0.3343750000000001 0.9265625
1 0.9015625 0.5625000000000002 0.846875 0.5625000000000002 0.846875 0.7578125000000002 0.9015625 0.7578125000000002
1 0.8140625 0.4968750000000002 0.7703125 0.4968750000000002 0.7703125 0.6593750000000002 0.8140625 0.6593750000000002
1 0.7578125 0.5046875000000001 0.7140625 0.5046875 0.7140625 0.6812500000000001 0.7578125 0.6812500000000001
1 0.653125 0.4890625 0.609375 0.4890625 0.609375 0.653125 0.653125 0.653125
1 0.4968750000000002 0.7796875 0.4000000000000002 0.7796875 0.4000000000000002 1 0.4968750000000002 1
1 0.5390625000000001 0.6671875 0.4171875 0.6671875 0.4171875000000001 0.9453125 0.5390625000000002 0.9453125
1 0.3515625000000001 0.4078125 0.3140625000000001 0.4078125 0.3140625000000001 0.546875 0.3515625000000001 0.546875
1 0.3234375000000001 0.4609375 0.27812500000000007 0.4609375 0.27812500000000007 0.61875 0.3234375000000001 0.61875
1 0.22656250000000008 0.525 0.16875000000000004 0.525 0.16875000000000007 0.728125 0.22656250000000008 0.728125
1 0.16093750000000007 0.4875 0.11093750000000005 0.4875 0.11093750000000006 0.6640625 0.1609375000000001 0.6640625
1 0.2484375000000001 0.4078125 0.20468750000000008 0.4078125 0.20468750000000008 0.54375 0.2484375000000001 0.54375
1 0.13125000000000003 0.3921875 0.09531250000000005 0.3921875 0.09531250000000005 0.525 0.13125000000000003 0.525
1 0.15937500000000004 0.3796875 0.12656250000000005 0.3796875 0.12656250000000005 0.4921875 0.15937500000000004 0.4921875
1 0.2828125 0.3609375 0.25625 0.3609375 0.25625000000000003 0.4765625 0.2828125000000001 0.4765625
2 0.46875000000000017 0.7828125 0.4421875000000002 0.7828125 0.4421875000000002 0.8390625 0.46875000000000017 0.8390625
2 0.7312500000000001 0.7171875000000001 0.70625 0.7171875 0.70625 0.7593750000000001 0.7312500000000002 0.7593750000000001
2 0.4890625 0.6671875 0.465625 0.6671875 0.465625 0.7171875 0.4890625 0.7171875
2 0.540625 0.509375 0.5234375 0.509375 0.5234375 0.5390625 0.540625 0.5390625
2 0.19531250000000008 0.7078125 0.1703125000000001 0.7078125 0.1703125000000001 0.7546875 0.19531250000000008 0.7546875
2 0.8921875 0.5625000000000002 0.8765625 0.5625000000000002 0.8765625 0.5953125000000001 0.8921875 0.5953125000000001
2 0.3125000000000001 0.4609375 0.2984375000000001 0.4609375 0.2984375000000001 0.4890625 0.3125000000000001 0.4890625
2 0.14531250000000004 0.4875 0.13125000000000003 0.4875 0.13125000000000003 0.5171875 0.14531250000000004 0.5171875
1 0.64375 0.3703125000000001 0.6171875 0.3703125000000001 0.6171875 0.4625 0.64375 0.4625
1 0.6 0.33281250000000007 0.5765625 0.33281250000000007 0.5765625 0.4109375 0.6 0.4109375
1 0.58125 0.30937500000000007 0.5640625 0.30937500000000007 0.5640625 0.3812500000000001 0.58125 0.3812500000000001
1 0.5640625 0.2921875000000001 0.54375 0.2921875000000001 0.54375 0.3609375000000001 0.5640625 0.3609375000000001
1 0.37187500000000007 0.33437500000000003 0.3453125 0.334375 0.3453125 0.434375 0.37187500000000007 0.434375
1 0.34062500000000007 0.3359375 0.3140625 0.3359375 0.3140625 0.428125 0.34062500000000007 0.428125
0 0.30312500000000003 0.334375 0.2828125 0.334375 0.2828125 0.4234375 0.3031250000000001 0.4234375
0 0.06093750000000011 0.784375 9.605823330812052e-17 0.784375 1.0926145661142792e-16 1 0.06093750000000013 1
1 0.3490027083297271 0.7809486770145854 0.3365638042797519 0.5776847534885452 0.2811169128411115 0.5810778719057753 0.2935558168910867 0.7843417954318154
3 0.3109375000000001 0.6609375 0.29375000000000007 0.6609375 0.29375000000000007 0.6984375 0.3109375000000001 0.6984375
1 0.4046875 0.3265625000000001 0.3796875 0.3265625000000001 0.37968750000000007 0.4140625 0.4046875 0.4140625
3 0.0203125000000001 0.784375 9.605823330812052e-17 0.784375 9.940687689953906e-17 0.8390625 0.020312500000000105 0.8390625
2 0.2078125000000001 0.721875 0.18906250000000008 0.721875 0.18906250000000008 0.76875 0.2078125000000001 0.76875
2 0.21093750000000008 0.525 0.19531250000000006 0.525 0.19531250000000006 0.5578125 0.21093750000000008 0.5578125
2 0.19531250000000006 0.459375 0.18281250000000004 0.459375 0.18281250000000004 0.484375 0.19531250000000006 0.484375
2 0.17968750000000006 0.4578125 0.16562500000000005 0.4578125 0.16562500000000005 0.484375 0.17968750000000006 0.484375
2 0.17812500000000003 0.4375 0.16562500000000005 0.4375 0.16562500000000005 0.459375 0.17812500000000003 0.459375
2 0.20312500000000008 0.421875 0.19062500000000004 0.421875 0.19062500000000004 0.44375 0.20312500000000008 0.44375
2 0.6421875 0.4890625 0.6265625 0.4890625 0.6265625 0.5171875 0.6421875 0.5171875
2 0.74375 0.5046875000000002 0.7296875 0.5046875000000002 0.7296875 0.5312500000000002 0.74375 0.5312500000000002
2 0.8 0.4968750000000002 0.7859375 0.4968750000000002 0.7859375 0.5234375000000002 0.8 0.5234375000000002
2 0.640625 0.4375 0.628125 0.4375 0.628125 0.4609375 0.640625 0.4609375
3 0.057812500000000065 0.46875 0.04375000000000005 0.46875 0.04375000000000005 0.4984375 0.057812500000000065 0.4984375
1 0.05156250000000005 0.403125 0.01093750000000005 0.403125 0.010937500000000057 0.5125 0.05156250000000007 0.5125
2 0.04375000000000005 0.403125 0.03125000000000004 0.403125 0.03125000000000005 0.4296875 0.04375000000000005 0.4296875
2 0.3265625000000001 0.5796875 0.30937500000000007 0.5796875 0.30937500000000007 0.6078125 0.3265625000000001 0.6078125
2 0.15156250000000004 0.3796875 0.14218750000000005 0.3796875 0.14218750000000005 0.403125 0.15156250000000004 0.403125
2 0.34062500000000007 0.4078125 0.3296875000000001 0.4078125 0.3296875000000001 0.434375 0.34062500000000007 0.434375