1 0.4906250000000002 0.7921875 0.38750000000000007 0.7921875 0.38750000000000007 1 0.4906250000000002 1
1 0.6484375000000002 0.7609375 0.5765625000000002 0.7609375 0.5765625000000002 1 0.6484375000000002 1
1 0.5984375 0.4640625 0.559375 0.4640625 0.559375 0.6203125 0.5984375 0.6203125
1 0.721875 0.4625 0.6859375 0.4625 0.6859375 0.60625 0.721875 0.60625
1 0.6859375 0.4703125 0.646875 0.4703125 0.646875 0.615625 0.6859375 0.615625
1 0.7078125000000001 0.5703125 0.6578125 0.5703125 0.6578125000000001 0.76875 0.7078125000000002 0.76875
1 0.753125 0.6328125000000001 0.6890625 0.6328125 0.6890625000000001 0.846875 0.7531250000000002 0.846875
1 0.2312500000000001 0.4859375 0.18281250000000004 0.4859375 0.18281250000000007 0.6625 0.2312500000000001 0.6625
0 0.2718750000000001 0.6765625 0.2156250000000001 0.6765625 0.2156250000000001 0.9765625 0.2718750000000001 0.9765625
0 0.2593750000000001 0.39375 0.2296875000000001 0.39375 0.2296875000000001 0.53125 0.2593750000000001 0.53125
1 0.10625000000000007 0.4515625 0.06562500000000004 0.4515625 0.06562500000000006 0.6046875 0.1062500000000001 0.6046875
1 0.06718750000000005 0.38125 0.029687500000000044 0.38125 0.029687500000000054 0.503125 0.06718750000000007 0.503125
1 0.11250000000000004 0.4 0.07343750000000004 0.4 0.07343750000000006 0.5328125 0.11250000000000004 0.5328125
1 0.3031250000000001 0.375 0.2718750000000001 0.375 0.2718750000000001 0.49375 0.3031250000000001 0.49375
1 0.6546875 0.409375 0.625 0.409375 0.625 0.5234375 0.6546875 0.5234375
1 0.625 0.415625 0.59375 0.415625 0.59375 0.5390625 0.625 0.5390625
1 0.4734375 0.3437500000000001 0.453125 0.3437500000000001 0.453125 0.428125 0.4734375 0.428125
1 0.35468750000000004 0.3625 0.3265625 0.3625 0.32656250000000003 0.4671875 0.3546875000000001 0.4671875
2 0.6234375000000002 0.7625 0.5968750000000002 0.7625 0.5968750000000002 0.80625 0.6234375000000002 0.80625
2 0.7453125000000002 0.7718750000000001 0.7218750000000002 0.771875 0.7218750000000002 0.825 0.7453125000000002 0.825
2 0.7296875 0.6343750000000001 0.709375 0.634375 0.709375 0.6718750000000001 0.7296875 0.6718750000000002
2 0.69375 0.5703125 0.678125 0.5703125 0.678125 0.6015625 0.69375 0.6015625
2 0.4421875000000002 0.8046875 0.41406250000000017 0.8046875 0.41406250000000017 0.8578125 0.4421875000000002 0.8578125
3 0.2515625000000001 0.6765625 0.2312500000000001 0.6765625 0.2312500000000001 0.7140625 0.2515625000000001 0.7140625
2 0.2750000000000001 0.6203125 0.2562500000000001 0.6203125 0.2562500000000001 0.6578125 0.2750000000000001 0.6578125
2 0.7500000000000002 0.875 0.7203125000000001 0.875 0.7203125000000001 0.9296875 0.7500000000000002 0.9296875
2 0.5859375 0.4625 0.571875 0.4625 0.571875 0.4859375 0.5859375 0.4859375
2 0.6765625 0.4703125 0.6640625 0.4703125 0.6640625 0.496875 0.6765625 0.496875
2 0.7109375 0.4625 0.7 0.4625 0.7 0.4828125 0.7109375 0.4828125
2 0.10000000000000005 0.4 0.08750000000000005 0.4 0.08750000000000005 0.421875 0.10000000000000005 0.421875
2 0.026562500000000055 0.4390625 0.014062500000000056 0.4390625 0.014062500000000056 0.4625 0.026562500000000055 0.4625
2 0.03593750000000005 0.4203125 0.025000000000000057 0.4203125 0.025000000000000057 0.4421875 0.03593750000000005 0.4421875
2 0.020312500000000053 0.41875 0.00937500000000005 0.41875 0.009375000000000052 0.4390625 0.020312500000000056 0.4390625
2 0.6453125 0.409375 0.6359375 0.409375 0.6359375 0.4265625 0.6453125 0.4265625
2 0.6171875 0.415625 0.6046875 0.415625 0.6046875 0.4359375 0.6171875 0.4359375
2 0.6234375 0.3906250000000001 0.6125 0.3906250000000001 0.6125 0.4078125 0.6234375 0.4078125
2 0.09375000000000006 0.4515625 0.08125000000000004 0.4515625 0.08125000000000006 0.471875 0.09375000000000007 0.471875
2 0.21093750000000008 0.425 0.2000000000000001 0.425 0.2000000000000001 0.45 0.21093750000000008 0.45
2 0.2156250000000001 0.4859375 0.2015625000000001 0.4859375 0.2015625000000001 0.51875 0.2156250000000001 0.51875
3 0.2500000000000001 0.39375 0.2406250000000001 0.39375 0.2406250000000001 0.4171875 0.2500000000000001 0.4171875
2 0.29375000000000007 0.378125 0.28593750000000007 0.378125 0.28593750000000007 0.4 0.29375000000000007 0.4