1 0.45312500000000017 0.7734375 0.3734375000000001 0.7734375 0.3734375000000001 1 0.45312500000000017 1
1 0.3593750000000001 0.6984375 0.2734375000000001 0.6984375 0.2734375000000001 1 0.3593750000000001 1
1 0.4984375 0.4875 0.4484375 0.4875 0.4484375 0.6671875 0.4984375 0.6671875
1 0.8921875 0.7703125000000002 0.80625 0.7703125000000002 0.80625 1 0.8921875 1
1 0.8359375 0.48750000000000016 0.796875 0.48750000000000016 0.796875 0.6515625000000002 0.8359375 0.6515625000000002
1 0.803125 0.5062500000000002 0.7578125 0.5062500000000002 0.7578125 0.6546875000000002 0.803125 0.6546875000000002
1 0.7953125000000001 0.5859375000000002 0.73125 0.5859375000000002 0.7312500000000001 0.8078125 0.7953125000000002 0.8078125
1 0.20312500000000008 0.3984375 0.16562500000000005 0.3984375 0.16562500000000005 0.5359375 0.20312500000000008 0.5359375
1 0.12031250000000007 0.4234375 0.07656250000000005 0.4234375 0.07656250000000006 0.58125 0.12031250000000009 0.58125
1 0.35781250000000003 0.346875 0.3265625 0.346875 0.32656250000000003 0.4546875 0.3578125000000001 0.4546875
1 0.31718750000000007 0.3265625 0.29375 0.3265625 0.29375000000000007 0.4296875 0.31718750000000007 0.4296875
1 0.4140625 0.3312500000000001 0.390625 0.3312500000000001 0.39062500000000006 0.425 0.4140625 0.425
1 0.3843750000000001 0.37500000000000006 0.3515625000000001 0.375 0.3515625000000001 0.496875 0.3843750000000001 0.496875
1 0.2468750000000001 0.3640625 0.21250000000000008 0.3640625 0.21250000000000008 0.490625 0.2468750000000001 0.490625
1 0.6265625 0.415625 0.5984375 0.415625 0.5984375 0.5421875 0.6265625 0.5421875
1 0.6625 0.3781250000000001 0.6359375 0.3781250000000001 0.6359375 0.4890625 0.6625 0.4890625
1 0.671875 0.4625 0.63125 0.4625 0.63125 0.60625 0.671875 0.60625
1 0.609375 0.3843750000000001 0.5796875 0.3843750000000001 0.5796875 0.5125 0.609375 0.5125
0 0.3062500000000001 0.5390625 0.2609375000000001 0.5390625 0.2609375000000001 0.76875 0.3062500000000001 0.76875
0 0.15468750000000003 0.3796875 0.12187500000000004 0.3796875 0.12187500000000004 0.503125 0.15468750000000003 0.503125
1 0.13437500000000005 0.35 0.10625000000000004 0.35 0.10625000000000004 0.4609375 0.13437500000000005 0.4609375
2 0.7687500000000002 0.89375 0.7390625000000002 0.89375 0.7390625000000002 0.953125 0.7687500000000002 0.953125
2 0.8625 0.7703125000000002 0.8375 0.7703125000000002 0.8375 0.815625 0.8625 0.815625
2 0.5671875 0.565625 0.55 0.565625 0.55 0.603125 0.5671875 0.603125
2 0.4265625000000002 0.7734375 0.40156250000000016 0.7734375 0.40156250000000016 0.8234375 0.4265625000000002 0.8234375
2 0.3312500000000001 0.7140625 0.3062500000000001 0.7140625 0.3062500000000001 0.7625 0.3312500000000001 0.7625
2 0.7828125 0.5906250000000002 0.765625 0.5906250000000002 0.765625 0.6265625000000001 0.7828125 0.6265625000000001
2 0.6171875 0.6109375 0.5984375 0.6109375 0.5984375 0.64375 0.6171875 0.64375
3 0.29375000000000007 0.5390625 0.27812500000000007 0.5390625 0.27812500000000007 0.5703125 0.29375000000000007 0.5703125
1 0.56875 0.31718750000000007 0.5484375 0.31718750000000007 0.5484375 0.4 0.56875 0.4
1 0.5875 0.33281250000000007 0.565625 0.33281250000000007 0.565625 0.421875 0.5875 0.421875
2 0.484375 0.4875 0.4703125 0.4875 0.4703125 0.51875 0.484375 0.51875
2 0.7953125 0.5093750000000001 0.7796875 0.5093750000000001 0.7796875 0.5328125000000001 0.7953125 0.5328125000000001
3 0.828125 0.48750000000000016 0.8140625 0.48750000000000016 0.8140625 0.5125000000000002 0.828125 0.5125000000000002
2 0.65625 0.5515625 0.640625 0.5515625 0.640625 0.58125 0.65625 0.58125
2 0.10781250000000005 0.425 0.09531250000000005 0.425 0.09531250000000005 0.4578125 0.10781250000000005 0.4578125
2 0.19218750000000004 0.396875 0.18125000000000005 0.396875 0.18125000000000005 0.425 0.19218750000000004 0.425
2 0.23437500000000008 0.3640625 0.2234375000000001 0.3640625 0.2234375000000001 0.3875 0.23437500000000008 0.3875
2 0.3750000000000001 0.3750000000000001 0.36406250000000007 0.3750000000000001 0.36406250000000007 0.3984375000000001 0.3750000000000001 0.3984375000000001
2 0.27343750000000006 0.3515625 0.2640625 0.3515625 0.26406250000000003 0.3734375 0.2734375000000001 0.3734375
2 0.5593750000000002 0.859375 0.5312500000000002 0.859375 0.5312500000000002 0.9078125 0.5593750000000002 0.9078125
2 0.6609375 0.4625 0.6484375 0.4625 0.6484375 0.4859375 0.6609375 0.4859375
2 0.6203125 0.415625 0.609375 0.415625 0.609375 0.4375 0.6203125 0.4375
2 0.6546875 0.37968750000000007 0.646875 0.37968750000000007 0.646875 0.39531250000000007 0.6546875 0.39531250000000007
2 0.6046875 0.3859375000000001 0.59375 0.3859375000000001 0.59375 0.403125 0.6046875 0.403125