1 0.6265625 0.5046875 0.5671875 0.5046875 0.5671875 0.690625 0.6265625 0.690625
1 0.9328125 0.5812500000000002 0.875 0.5812500000000002 0.875 0.8015625 0.9328125 0.8015625
1 1 0.815625 0.9109375 0.815625 0.9109375 1 1 1
1 0.7453125 0.5515625000000001 0.6890625 0.5515625 0.6890625000000001 0.7578125000000001 0.7453125000000002 0.7578125000000002
1 0.790625 0.5187500000000002 0.7359375 0.5187500000000002 0.7359375 0.7046875000000001 0.790625 0.7046875000000001
1 0.725 0.3593750000000001 0.6875 0.3593750000000001 0.6875 0.4796875 0.725 0.4796875
1 0.578125 0.3109375000000001 0.546875 0.3109375000000001 0.546875 0.4140625 0.578125 0.4140625
1 0.10937500000000004 0.3671875 0.07031250000000004 0.3671875 0.07031250000000006 0.5 0.10937500000000004 0.5
1 0.16562500000000008 0.4265625 0.11093750000000005 0.4265625 0.11093750000000006 0.596875 0.16562500000000008 0.596875
1 0.2234375000000001 0.4578125 0.17500000000000004 0.4578125 0.17500000000000007 0.634375 0.2234375000000001 0.634375
1 0.3046875000000001 0.4 0.2578125000000001 0.4 0.2578125000000001 0.5484375 0.3046875000000001 0.5484375
1 0.2796875000000001 0.4796875 0.22656250000000008 0.4796875 0.22656250000000008 0.675 0.2796875000000001 0.675
1 0.25468750000000007 0.3234375 0.2234375 0.3234375 0.22343750000000004 0.4375 0.25468750000000007 0.4375
1 0.28437500000000004 0.3171875 0.2546875 0.3171875 0.25468750000000007 0.4296875 0.2843750000000001 0.4296875
1 0.33593750000000006 0.315625 0.30625 0.315625 0.30625 0.43125 0.3359375000000001 0.43125
1 0.4921875 0.2906250000000001 0.4703125 0.2906250000000001 0.4703125 0.3828125000000001 0.4921875 0.3828125000000001
1 0.65625 0.29375000000000007 0.634375 0.29375000000000007 0.634375 0.3765625000000001 0.65625 0.3765625000000001
2 0.725 0.5515625 0.709375 0.5515625 0.709375 0.5875 0.725 0.5875
2 0.91875 0.5812500000000002 0.903125 0.5812500000000002 0.903125 0.6171875000000002 0.91875 0.6171875000000002
2 1 0.8171875 0.9765625 0.8171875 0.9765625 0.878125 1 0.878125
2 0.2640625000000001 0.9359375 0.2250000000000001 0.9359375 0.2250000000000001 1 0.2640625000000001 1
2 0.26250000000000007 0.4796875 0.2468750000000001 0.4796875 0.2468750000000001 0.5078125 0.26250000000000007 0.5078125
2 0.23593750000000008 0.4375 0.2234375000000001 0.4375 0.2234375000000001 0.4625 0.23593750000000008 0.4625
2 0.60625 0.503125 0.590625 0.503125 0.590625 0.534375 0.60625 0.534375
2 0.771875 0.46093750000000017 0.759375 0.46093750000000017 0.759375 0.48750000000000016 0.771875 0.48750000000000016
2 0.15312500000000004 0.4359375 0.13906250000000003 0.4359375 0.13906250000000003 0.4640625 0.15312500000000004 0.4640625
2 0.17031250000000003 0.3703125 0.15781250000000005 0.3703125 0.15781250000000005 0.39375 0.17031250000000003 0.39375
2 0.10156250000000004 0.3671875 0.08906250000000004 0.3671875 0.08906250000000004 0.3953125 0.10156250000000004 0.3953125
3 0.18593750000000003 0.3984375 0.17343750000000005 0.3984375 0.17343750000000005 0.4203125 0.18593750000000003 0.4203125
2 0.2843750000000001 0.4109375 0.2718750000000001 0.4109375 0.2718750000000001 0.434375 0.2843750000000001 0.434375
2 0.2453125 0.3234375 0.2359375 0.3234375 0.2359375 0.3453125 0.2453125 0.3453125
2 0.7765625 0.5187500000000002 0.7625 0.5187500000000002 0.7625 0.5468750000000002 0.7765625 0.5468750000000002
1 0.68125 0.3687500000000001 0.646875 0.3687500000000001 0.646875 0.475 0.68125 0.475
1 0.6234375 0.2984375000000001 0.6046875 0.2984375000000001 0.6046875 0.37968750000000007 0.6234375 0.37968750000000007
1 0.515625 0.2640625000000001 0.4953125 0.2640625000000001 0.4953125 0.3359375000000001 0.515625 0.3359375000000001
3 0.715625 0.3593750000000001 0.7046875 0.3593750000000001 0.7046875 0.37968750000000007 0.715625 0.37968750000000007
2 0.66875 0.3687500000000001 0.659375 0.3687500000000001 0.659375 0.3859375000000001 0.66875 0.3859375000000001
2 0.6390625 0.3703125000000001 0.6296875 0.3703125000000001 0.6296875 0.38750000000000007 0.6390625 0.38750000000000007
2 0.6171875 0.3625000000000001 0.6078125 0.3625000000000001 0.6078125 0.37968750000000007 0.6171875 0.37968750000000007
2 0.6234375 0.4015625 0.6125 0.4015625 0.6125 0.421875 0.6234375 0.421875
2 0.2078125000000001 0.459375 0.19375000000000003 0.459375 0.19375000000000003 0.4765625 0.2078125000000001 0.4765625
2 0.325 0.315625 0.3171875 0.315625 0.3171875 0.3359375 0.325 0.3359375