0 0.2312500000000001 0.4109375 0.15937500000000004 0.4109375 0.15937500000000007 0.7046875 0.2312500000000001 0.7046875
0 0.3125000000000001 0.4234375 0.2734375000000001 0.4234375 0.2734375000000001 0.64375 0.3125000000000001 0.64375
0 0.5390625000000001 0.3968750000000001 0.45 0.3968750000000001 0.45000000000000007 0.815625 0.5390625000000002 0.815625
1 0.6734375 0.403125 0.590625 0.403125 0.590625 0.7140625 0.6734375 0.7140625
1 0.7359375 0.38750000000000007 0.6625 0.38750000000000007 0.6625 0.6703125000000001 0.7359375 0.6703125000000002
1 0.8265625 0.3890625000000001 0.725 0.3890625000000001 0.7250000000000001 0.7468750000000001 0.8265625 0.7468750000000002
0 0.83125 0.7453125000000002 0.83125 0.7453125000000002 0.83125 0.7484375000000002 0.83125 0.7484375000000002
3 0.20312500000000008 0.409375 0.17968750000000006 0.409375 0.17968750000000006 0.4609375 0.20312500000000008 0.4609375
3 0.3000000000000001 0.4234375 0.2796875000000001 0.4234375 0.2796875000000001 0.459375 0.3000000000000001 0.459375
2 0.46875 0.4046875 0.4484375 0.4046875 0.4484375 0.453125 0.46875 0.453125
2 0.6390625 0.4015625 0.6125 0.4015625 0.6125 0.4625 0.6390625 0.4625
2 0.7 0.38750000000000007 0.675 0.38750000000000007 0.675 0.44375 0.7 0.44375
2 0.7828125 0.39531250000000007 0.7453125 0.39531250000000007 0.7453125 0.46406250000000016 0.7828125 0.46406250000000016
2 0.8098145488135607 0.4493833303841333 0.8005091593158762 0.38660434589563053 0.7716181511331742 0.3908867038584304 0.7809235406308587 0.4536656883469332
3 0.49375 0.3968750000000001 0.46875 0.3968750000000001 0.46875 0.4578125 0.49375 0.4578125