1 0.70625 0.39531250000000007 0.640625 0.39531250000000007 0.640625 0.6359375 0.70625 0.6359375
1 0.9828125 0.36406250000000007 0.8546875 0.36406250000000007 0.8546875 0.7765625000000002 0.9828125 0.7765625000000002
1 0.8625 0.3890625000000001 0.79375 0.3890625000000001 0.79375 0.6109375000000001 0.8625 0.6109375000000001
1 0.6328125000000001 0.3921875000000001 0.521875 0.3921875000000001 0.5218750000000001 0.76875 0.6328125000000002 0.76875
1 0.5046875 0.4109375 0.4578125 0.4109375 0.4578125 0.6046875 0.5046875 0.6046875
0 0.18906250000000008 0.4203125 0.13906250000000003 0.4203125 0.13906250000000006 0.634375 0.18906250000000008 0.634375
0 0.2500000000000001 0.4234375 0.21250000000000008 0.4234375 0.21250000000000008 0.6015625 0.2500000000000001 0.6015625
0 0.35625000000000007 0.4140625 0.3031250000000001 0.4140625 0.3031250000000001 0.671875 0.35625000000000007 0.671875
1 0.409375 0.421875 0.3703125000000001 0.421875 0.3703125000000001 0.6046875 0.409375 0.6046875
2 0.5859375 0.3906250000000001 0.5546875 0.3906250000000001 0.5546875 0.4640625 0.5859375 0.4640625
2 0.928125 0.3656250000000001 0.884375 0.3656250000000001 0.884375 0.4437500000000002 0.928125 0.4437500000000002
2 0.4875 0.4125 0.465625 0.4125 0.465625 0.453125 0.4875 0.453125
2 0.5015625 0.4125 0.4859375 0.4125 0.4859375 0.45 0.5015625 0.45
3 0.3296875000000001 0.4140625 0.3125000000000001 0.4140625 0.3125000000000001 0.45625 0.3296875000000001 0.45625
3 0.17500000000000004 0.4234375 0.15781250000000005 0.4234375 0.15781250000000005 0.45625 0.17500000000000004 0.45625
2 0.3984375000000001 0.4203125 0.37968750000000007 0.4203125 0.37968750000000007 0.4578125 0.3984375000000001 0.4578125
3 0.23437500000000008 0.425 0.22031250000000008 0.425 0.22031250000000008 0.45625 0.23437500000000008 0.45625