1 0.9515625 0.3656250000000001 0.85625 0.3656250000000001 0.85625 0.6718750000000002 0.9515625 0.6718750000000002
1 0.5765625 0.3968750000000001 0.5296875 0.3968750000000001 0.5296875 0.578125 0.5765625 0.578125
1 0.78125 0.3921875000000001 0.7171875 0.3921875000000001 0.7171875 0.6296875000000001 0.78125 0.6296875000000002
1 0.4890625 0.4015625 0.446875 0.4015625 0.446875 0.5859375 0.4890625 0.5859375
1 0.3656250000000001 0.40625 0.3187500000000001 0.40625 0.3187500000000001 0.5734375 0.3656250000000001 0.5734375
1 0.3000000000000001 0.4125 0.27031250000000007 0.4125 0.27031250000000007 0.5375 0.3000000000000001 0.5375
0 0.2718750000000001 0.415625 0.23437500000000008 0.415625 0.23437500000000008 0.5984375 0.2718750000000001 0.5984375
0 0.19375000000000006 0.425 0.16250000000000003 0.425 0.16250000000000006 0.575 0.1937500000000001 0.575
2 0.9203125 0.3671875000000001 0.8875 0.3671875000000001 0.8875 0.42187500000000017 0.9203125 0.42187500000000017
2 0.5578125 0.39531250000000007 0.5375 0.39531250000000007 0.5375 0.434375 0.5578125 0.434375
2 0.7515625 0.3921875000000001 0.728125 0.3921875000000001 0.728125 0.44062500000000016 0.7515625 0.44062500000000016
2 0.725 0.4 0.70625 0.4 0.70625 0.4390625 0.725 0.4390625
2 0.46875 0.4015625 0.4515625 0.4015625 0.4515625 0.4375 0.46875 0.4375
2 0.2921875000000001 0.4125 0.27812500000000007 0.4125 0.27812500000000007 0.4390625 0.2921875000000001 0.4390625