0 0.24375000000000008 0.4109375 0.2093750000000001 0.4109375 0.2093750000000001 0.5734375 0.24375000000000008 0.5734375
1 0.8046875 0.3937500000000001 0.7234375 0.3937500000000001 0.7234375 0.6484375000000001 0.8046875 0.6484375000000002
1 0.7140625 0.3781250000000001 0.6515625 0.3781250000000001 0.6515625 0.6 0.7140625 0.6
1 0.9515625 0.3578125000000001 0.825 0.3578125000000001 0.825 0.7390625000000002 0.9515625 0.7390625000000002
1 0.496875 0.3937500000000001 0.4546875 0.3937500000000001 0.4546875 0.546875 0.496875 0.546875
1 0.615625 0.3921875000000001 0.5640625 0.3921875000000001 0.5640625 0.5734375 0.615625 0.5734375
1 0.3343750000000001 0.415625 0.2875000000000001 0.415625 0.2875000000000001 0.6046875 0.3343750000000001 0.6046875
2 0.89375 0.3609375000000001 0.8609375 0.3609375000000001 0.8609375 0.4265625000000002 0.89375 0.4265625000000002
2 0.86875 0.3593750000000001 0.8453125 0.3593750000000001 0.8453125 0.4281250000000002 0.86875 0.4281250000000002
2 0.7703125 0.39531250000000007 0.7421875 0.39531250000000007 0.7421875 0.44062500000000016 0.7703125 0.44062500000000016
2 0.3187500000000001 0.4171875 0.3000000000000001 0.4171875 0.3000000000000001 0.4546875 0.3187500000000001 0.4546875
2 0.6921875 0.37968750000000007 0.6734375 0.37968750000000007 0.6734375 0.4171875 0.6921875 0.4171875
1 0.4046875 0.3968750000000001 0.3734375000000001 0.3968750000000001 0.3734375000000001 0.5484375 0.4046875 0.5484375