1 0.27812500000000007 0.409375 0.2484375000000001 0.409375 0.2484375000000001 0.525 0.27812500000000007 0.525
1 0.3375000000000001 0.4140625 0.3062500000000001 0.4140625 0.3062500000000001 0.5203125 0.3375000000000001 0.5203125
1 0.3890625000000001 0.409375 0.3609375000000001 0.409375 0.3609375000000001 0.5203125 0.3890625000000001 0.5203125
1 0.80625 0.3734375000000001 0.7140625 0.3734375000000001 0.7140625 0.7109375000000001 0.80625 0.7109375000000002
1 0.6734375 0.37968750000000007 0.628125 0.37968750000000007 0.628125 0.54375 0.6734375 0.54375
1 0.6015625 0.3906250000000001 0.5625 0.3906250000000001 0.5625 0.5265625 0.6015625 0.5265625
1 0.5109375 0.3937500000000001 0.4546875 0.3937500000000001 0.4546875 0.5859375 0.5109375 0.5859375
1 0.54375 0.3984375000000001 0.5078125 0.3984375000000001 0.5078125 0.528125 0.54375 0.528125
2 0.759375 0.3734375000000001 0.7296875 0.3734375000000001 0.7296875 0.43281250000000016 0.759375 0.43281250000000016
2 0.653125 0.3812500000000001 0.6390625 0.3812500000000001 0.6390625 0.4125 0.653125 0.4125
2 0.584375 0.3906250000000001 0.571875 0.3906250000000001 0.571875 0.4140625 0.584375 0.4140625
2 0.4875 0.3937500000000001 0.471875 0.3937500000000001 0.471875 0.43125 0.4875 0.43125
2 0.5296875 0.3984375000000001 0.51875 0.3984375000000001 0.51875 0.4234375 0.5296875 0.4234375
2 0.2687500000000001 0.409375 0.2578125000000001 0.409375 0.2578125000000001 0.434375 0.2687500000000001 0.434375
0 0.17343750000000008 0.40625 0.14375000000000004 0.40625 0.14375000000000007 0.546875 0.17343750000000008 0.546875