1 0.953125 0.3703125000000001 0.878125 0.3703125000000001 0.878125 0.6109375000000001 0.953125 0.6109375000000001
1 0.753125 0.3781250000000001 0.6953125 0.3781250000000001 0.6953125 0.5546875000000001 0.753125 0.5546875000000002
1 0.6640625 0.3843750000000001 0.584375 0.3843750000000001 0.584375 0.640625 0.6640625 0.640625
1 0.2921875000000001 0.4125 0.2515625000000001 0.4125 0.2515625000000001 0.5578125 0.2921875000000001 0.5578125
1 0.4984375 0.4 0.45625 0.4 0.45625 0.5421875 0.4984375 0.5421875
1 0.3687500000000001 0.4015625 0.3312500000000001 0.4015625 0.3312500000000001 0.525 0.3687500000000001 0.525
1 0.53125 0.3984375000000001 0.4953125 0.3984375000000001 0.4953125 0.5328125 0.53125 0.5328125
1 0.5625 0.3859375000000001 0.5328125 0.3859375000000001 0.5328125 0.5546875 0.5625 0.5546875
0 0.2062500000000001 0.4125 0.17500000000000004 0.4125 0.17500000000000007 0.5625 0.2062500000000001 0.5625
2 0.9203125 0.3703125000000001 0.89375 0.3703125000000001 0.89375 0.4156250000000002 0.9203125 0.4156250000000002
2 0.7296875 0.3781250000000001 0.7125 0.3781250000000001 0.7125 0.4093750000000001 0.7296875 0.40937500000000016
2 0.6328125 0.3843750000000001 0.609375 0.3843750000000001 0.609375 0.43125 0.6328125 0.43125
2 0.5578125 0.3859375000000001 0.54375 0.3859375000000001 0.54375 0.4125 0.5578125 0.4125
1 0.48125 0.4 0.46875 0.4 0.46875 0.4265625 0.48125 0.4265625
2 0.5140625 0.3984375000000001 0.5015625 0.3984375000000001 0.5015625 0.425 0.5140625 0.425
2 0.2812500000000001 0.4140625 0.2656250000000001 0.4140625 0.2656250000000001 0.44375 0.2812500000000001 0.44375