1 0.6625000000000001 0.490625 0.5015625 0.490625 0.5015625000000001 0.9421875 0.6625000000000002 0.9421875
1 0.7875 0.5078125000000002 0.7375 0.5078125000000002 0.7375 0.6531250000000002 0.7875 0.6531250000000002
1 0.7312500000000001 0.5140625000000001 0.65625 0.5140625 0.6562500000000001 0.7671875000000001 0.7312500000000002 0.7671875000000001
3 0.584375 0.490625 0.5609375 0.490625 0.5609375 0.5484375 0.584375 0.5484375
2 0.6953125 0.5140625 0.6734375 0.5140625 0.6734375 0.55 0.6953125 0.55
3 0.71875 0.49375 0.7015625 0.49375 0.7015625 0.521875 0.71875 0.521875
1 0.80625 0.4828125000000002 0.7734375 0.4828125000000002 0.7734375 0.6062500000000002 0.80625 0.6062500000000002
2 0.7875 0.48750000000000016 0.7765625 0.48750000000000016 0.7765625 0.5078125000000002 0.7875 0.5078125000000002
2 0.7421875 0.47187500000000016 0.7328125 0.47187500000000016 0.7328125 0.4906250000000002 0.7421875 0.4906250000000002
3 0.24687500000000004 0.15468750000000003 0.10625 0.1546875 0.10625000000000002 0.44375 0.2468750000000001 0.44375
2 0.7796875 0.5093750000000001 0.7640625 0.5093750000000001 0.7640625 0.5343750000000002 0.7796875 0.5343750000000002
2 0.765625 0.5093750000000001 0.7546875 0.5093750000000001 0.7546875 0.5296875000000002 0.765625 0.5296875000000002