1 0.6796875 0.5109375 0.6046875 0.5109375 0.6046875 0.7140625 0.6796875 0.7140625
1 0.8671875 0.4937500000000002 0.746875 0.4937500000000002 0.7468750000000001 0.7671875000000001 0.8671875 0.7671875000000001
1 0.7578125 0.4921875000000001 0.7078125 0.4921875 0.7078125 0.6843750000000001 0.7578125 0.6843750000000002
3 0.65 0.509375 0.6359375 0.509375 0.6359375 0.5390625 0.65 0.5390625
3 0.80625 0.49531250000000016 0.7796875 0.49531250000000016 0.7796875 0.5312500000000002 0.80625 0.5312500000000002
3 0.98125 0.45625000000000016 0.95625 0.45625000000000016 0.95625 0.5093750000000001 0.98125 0.5093750000000001
3 0.9359375 0.4781250000000002 0.9171875 0.4781250000000002 0.9171875 0.5109375000000002 0.9359375 0.5109375000000002
3 0.421875 0.4828125 0.38750000000000007 0.4828125 0.38750000000000007 0.55625 0.421875 0.55625
3 0.453125 0.4828125 0.421875 0.4828125 0.421875 0.5515625 0.453125 0.5515625
2 0.3265625000000001 0.4078125 0.2312500000000001 0.4078125 0.2312500000000001 0.56875 0.3265625000000001 0.56875
2 0.665625 0.5015625 0.653125 0.5015625 0.653125 0.521875 0.665625 0.521875
3 0.746875 0.49531250000000016 0.7328125 0.49531250000000016 0.7328125 0.5265625000000002 0.746875 0.5265625000000002
4 0.7359375 0.4906250000000001 0.7234375 0.490625 0.7234375 0.5156250000000001 0.7359375 0.5156250000000002