3 0.4125 0.4859375 0.3765625000000001 0.4859375 0.3765625000000001 0.5609375 0.4125 0.5609375
3 0.446875 0.484375 0.415625 0.484375 0.415625 0.5546875 0.446875 0.5546875
1 0.6453125000000001 0.49375 0.503125 0.49375 0.503125 0.9109375 0.6453125000000002 0.9109375
1 0.6953125 0.5203125 0.6375 0.5203125 0.6375 0.690625 0.6953125 0.690625
1 0.8125 0.4859375000000002 0.73125 0.4859375000000002 0.73125 0.6937500000000002 0.8125 0.6937500000000002
3 0.5875 0.49375 0.5625 0.49375 0.5625 0.5453125 0.5875 0.5453125
2 0.6703125 0.5203125 0.6546875 0.5203125 0.6546875 0.5453125 0.6703125 0.5453125
2 0.7703125 0.4937500000000002 0.7546875 0.4937500000000002 0.7546875 0.5234375000000002 0.7703125 0.5234375000000002
3 0.8015625 0.4890625000000002 0.7796875 0.4890625000000002 0.7796875 0.5234375000000002 0.8015625 0.5234375000000002
1 0.878125 0.4937500000000002 0.7890625 0.4937500000000002 0.7890625000000001 0.7296875000000002 0.878125 0.7296875000000002
3 0.86875 0.4937500000000002 0.8421875 0.4937500000000002 0.8421875 0.5343750000000002 0.86875 0.5343750000000002
2 0.2671875 0.3046875 0.11093750000000005 0.3046875 0.11093750000000005 0.5296875 0.2671875000000001 0.5296875