1 0.33125000000000004 0.246875 0.046875000000000035 0.246875 0.04687500000000007 0.840625 0.3312500000000001 0.840625
1 0.496875 0.425 0.4421875 0.425 0.4421875 0.6453125 0.496875 0.6453125
2 0.4796875 0.4265625 0.4640625 0.4265625 0.4640625 0.4609375 0.4796875 0.4609375
2 0.240625 0.246875 0.19062500000000004 0.246875 0.19062500000000004 0.3375 0.240625 0.3375
1 0.503125 0.5 0.4875 0.5 0.4875 0.5609375 0.503125 0.5609375
1 0.534375 0.5015625 0.51875 0.5015625 0.51875 0.5640625 0.534375 0.5640625
2 0.38750000000000007 0.4875 0.3781250000000001 0.4875 0.3781250000000001 0.5046875 0.38750000000000007 0.5046875
2 0.34843750000000007 0.4515625 0.33281250000000007 0.4515625 0.33281250000000007 0.4765625 0.34843750000000007 0.4765625
3 0.3187500000000001 0.465625 0.30937500000000007 0.465625 0.30937500000000007 0.4875 0.3187500000000001 0.4875
3 0.3031250000000001 0.465625 0.2890625000000001 0.465625 0.2890625000000001 0.490625 0.3031250000000001 0.490625
3 0.30937500000000007 0.4921875 0.3000000000000001 0.4921875 0.3000000000000001 0.5140625 0.30937500000000007 0.5140625
1 0.553125 0.48125 0.534375 0.48125 0.534375 0.578125 0.553125 0.578125
2 0.553125 0.48125 0.5453125 0.48125 0.5453125 0.496875 0.553125 0.496875