1 0.4125 0.4453125 0.3609375000000001 0.4453125 0.3609375000000001 0.6375 0.4125 0.6375
1 0.4671875 0.48125 0.4359375 0.48125 0.4359375 0.5953125 0.4671875 0.5953125
1 0.546875 0.4703125 0.4796875 0.4703125 0.4796875 0.6171875 0.546875 0.6171875
2 0.3984375000000001 0.44375 0.3843750000000001 0.44375 0.3843750000000001 0.4765625 0.3984375000000001 0.4765625
2 0.521875 0.46875 0.509375 0.46875 0.509375 0.4921875 0.521875 0.4921875
2 0.45625 0.48125 0.446875 0.48125 0.446875 0.5015625 0.45625 0.5015625
2 0.19843750000000004 0.43125 0.18437500000000004 0.43125 0.18437500000000004 0.471875 0.19843750000000004 0.471875
2 0.17500000000000007 0.525 0.14687500000000003 0.525 0.14687500000000006 0.56875 0.1750000000000001 0.56875
3 0.10625000000000004 0.496875 0.08125000000000007 0.496875 0.08125000000000007 0.54375 0.10625000000000004 0.54375
3 0.3000000000000001 0.471875 0.28593750000000007 0.471875 0.28593750000000007 0.496875 0.3000000000000001 0.496875
3 0.30156250000000007 0.4953125 0.2921875000000001 0.4953125 0.2921875000000001 0.5171875 0.30156250000000007 0.5171875
3 0.3156250000000001 0.4734375 0.3062500000000001 0.4734375 0.3062500000000001 0.4953125 0.3156250000000001 0.4953125
2 0.3515625000000001 0.459375 0.3375000000000001 0.459375 0.3375000000000001 0.4875 0.3515625000000001 0.4875