1 0.4296875 0.4546875 0.3828125000000001 0.4546875 0.3828125000000001 0.621875 0.4296875 0.621875
1 0.53125 0.459375 0.4578125 0.459375 0.4578125 0.6234375 0.53125 0.6234375
2 0.5078125 0.459375 0.4921875 0.459375 0.4921875 0.4859375 0.5078125 0.4859375
2 0.4140625 0.45625 0.4015625 0.45625 0.4015625 0.4859375 0.4140625 0.4859375
1 0.471875 0.4875 0.446875 0.4875 0.446875 0.5890625 0.471875 0.5890625
2 0.4640625 0.4875 0.45625 0.4875 0.45625 0.5046875 0.4640625 0.5046875
2 0.19843750000000004 0.43125 0.18281250000000004 0.43125 0.18281250000000004 0.4703125 0.19843750000000004 0.4703125
3 0.3000000000000001 0.471875 0.28593750000000007 0.471875 0.28593750000000007 0.496875 0.3000000000000001 0.496875
3 0.3156250000000001 0.471875 0.3062500000000001 0.471875 0.3062500000000001 0.49375 0.3156250000000001 0.49375
2 0.3515625000000001 0.4578125 0.3375000000000001 0.4578125 0.3375000000000001 0.4859375 0.3515625000000001 0.4859375
2 0.17343750000000008 0.5234375 0.14843750000000006 0.5234375 0.14843750000000006 0.5671875 0.17343750000000008 0.5671875
3 0.10312500000000005 0.4953125 0.07968750000000006 0.4953125 0.07968750000000006 0.5421875 0.10312500000000005 0.5421875
3 0.30156250000000007 0.4953125 0.2921875000000001 0.4953125 0.2921875000000001 0.51875 0.30156250000000007 0.51875