1 0.45625 0.35625000000000007 0.36875 0.35625000000000007 0.36875 0.721875 0.45625 0.721875
2 0.4296875 0.3546875000000001 0.4046875 0.3546875000000001 0.4046875 0.409375 0.4296875 0.409375
1 0.2140625000000001 0.4203125 0.14531250000000004 0.4203125 0.14531250000000007 0.640625 0.2140625000000001 0.640625
2 0.2140625000000001 0.4203125 0.19375000000000003 0.4203125 0.19375000000000003 0.45625 0.2140625000000001 0.45625
1 0.4828125 0.496875 0.4671875 0.496875 0.4671875 0.5625 0.4828125 0.5625
1 0.5046875 0.503125 0.4875 0.503125 0.4875 0.55625 0.5046875 0.55625
1 0.546875 0.4734375 0.528125 0.4734375 0.528125 0.590625 0.546875 0.590625
1 0.515625 0.509375 0.50625 0.509375 0.50625 0.5515625 0.515625 0.5515625
1 0.38750000000000007 0.484375 0.3609375000000001 0.484375 0.3609375000000001 0.578125 0.38750000000000007 0.578125
2 0.3437500000000001 0.45 0.3281250000000001 0.45 0.3281250000000001 0.475 0.3437500000000001 0.475
3 0.3156250000000001 0.4609375 0.3062500000000001 0.4609375 0.3062500000000001 0.484375 0.3156250000000001 0.484375
3 0.3000000000000001 0.4625 0.2875000000000001 0.4625 0.2875000000000001 0.4875 0.3000000000000001 0.4875
3 0.3031250000000001 0.4875 0.29375000000000007 0.4875 0.29375000000000007 0.509375 0.3031250000000001 0.509375
2 0.3781250000000001 0.484375 0.3703125000000001 0.484375 0.3703125000000001 0.5015625 0.3781250000000001 0.5015625