1 0.465625 0.4171875 0.3546875000000001 0.4171875 0.3546875000000001 0.6546875 0.465625 0.6546875
1 0.528125 0.478125 0.4984375 0.478125 0.4984375 0.5984375 0.528125 0.5984375
1 0.490625 0.4953125 0.465625 0.4953125 0.465625 0.5734375 0.490625 0.5734375
2 0.43125 0.4171875 0.40625 0.4171875 0.40625 0.4546875 0.43125 0.4546875
2 0.5171875 0.478125 0.5078125 0.478125 0.5078125 0.4953125 0.5171875 0.4953125
2 0.4828125 0.496875 0.4765625 0.496875 0.4765625 0.509375 0.4828125 0.509375
2 0.17343750000000008 0.521875 0.14531250000000004 0.521875 0.14531250000000007 0.5703125 0.17343750000000008 0.5703125
2 0.19687500000000005 0.428125 0.18125000000000005 0.428125 0.18125000000000005 0.4671875 0.19687500000000005 0.4671875
3 0.09843750000000007 0.4859375 0.07343750000000007 0.4859375 0.07343750000000007 0.53125 0.09843750000000007 0.53125
3 0.3000000000000001 0.46875 0.28593750000000007 0.46875 0.28593750000000007 0.4953125 0.3000000000000001 0.4953125
3 0.3156250000000001 0.4703125 0.3062500000000001 0.4703125 0.3062500000000001 0.4921875 0.3156250000000001 0.4921875
2 0.34843750000000007 0.45625 0.3343750000000001 0.45625 0.3343750000000001 0.484375 0.34843750000000007 0.484375
3 0.3078125000000001 0.5 0.2984375000000001 0.5 0.2984375000000001 0.521875 0.3078125000000001 0.521875