1 0.4109375 0.3609375 0.2546875 0.3609375 0.25468750000000007 0.7015625 0.4109375 0.7015625
2 0.35937500000000006 0.3609375 0.3296875 0.3609375 0.3296875 0.4109375 0.3593750000000001 0.4109375
1 0.5140625 0.459375 0.478125 0.459375 0.478125 0.615625 0.5140625 0.615625
2 0.503125 0.459375 0.49375 0.459375 0.49375 0.4828125 0.503125 0.4828125
1 0.4734375 0.484375 0.4484375 0.484375 0.4484375 0.5796875 0.4734375 0.5796875
2 0.465625 0.4859375 0.4578125 0.4859375 0.4578125 0.5015625 0.465625 0.5015625
1 0.5546875 0.4875 0.5328125 0.4875 0.5328125 0.5859375 0.5546875 0.5859375
1 0.5296875 0.5046875 0.5140625 0.5046875 0.5140625 0.5640625 0.5296875 0.5640625
2 0.17500000000000007 0.51875 0.14843750000000006 0.51875 0.14843750000000006 0.5640625 0.1750000000000001 0.5640625
2 0.20312500000000008 0.4234375 0.18125000000000005 0.4234375 0.18125000000000005 0.459375 0.20312500000000008 0.459375
3 0.08906250000000007 0.4765625 0.06406250000000006 0.4765625 0.06406250000000006 0.5203125 0.08906250000000007 0.5203125
2 0.55 0.4890625 0.5421875 0.4890625 0.5421875 0.503125 0.55 0.503125