1 0.3984375000000001 0.4265625 0.3343750000000001 0.4265625 0.3343750000000001 0.65625 0.3984375000000001 0.65625
1 0.459375 0.475 0.4234375 0.475 0.4234375 0.603125 0.459375 0.603125
1 0.5546875 0.475 0.49375 0.475 0.49375 0.609375 0.5546875 0.609375
2 0.528125 0.475 0.5171875 0.475 0.5171875 0.496875 0.528125 0.496875
2 0.3781250000000001 0.4265625 0.3625000000000001 0.4265625 0.3625000000000001 0.4671875 0.3781250000000001 0.4671875
2 0.446875 0.475 0.4375 0.475 0.4375 0.496875 0.446875 0.496875
2 0.17656250000000007 0.521875 0.14843750000000006 0.521875 0.14843750000000006 0.565625 0.1765625000000001 0.565625
2 0.19843750000000004 0.4328125 0.18437500000000004 0.4328125 0.18437500000000004 0.471875 0.19843750000000004 0.471875
2 0.3515625000000001 0.459375 0.3375000000000001 0.459375 0.3375000000000001 0.4875 0.3515625000000001 0.4875
3 0.3000000000000001 0.471875 0.28593750000000007 0.471875 0.28593750000000007 0.4984375 0.3000000000000001 0.4984375
3 0.3156250000000001 0.4734375 0.3062500000000001 0.4734375 0.3062500000000001 0.4953125 0.3156250000000001 0.4953125