1 0.2984375 0.353125 0.18437500000000004 0.353125 0.18437500000000007 0.7296875 0.2984375000000001 0.7296875
1 0.4390625 0.4546875 0.3890625000000001 0.4546875 0.3890625000000001 0.628125 0.4390625 0.628125
1 0.5515625 0.4859375 0.5 0.4859375 0.5 0.6 0.5515625 0.6
2 0.26250000000000007 0.353125 0.2328125 0.353125 0.23281250000000003 0.4140625 0.26250000000000007 0.4140625
2 0.421875 0.4546875 0.4078125 0.4546875 0.4078125 0.484375 0.421875 0.484375
2 0.5296875 0.484375 0.5203125 0.484375 0.5203125 0.503125 0.5296875 0.503125
2 0.2000000000000001 0.434375 0.18437500000000004 0.434375 0.18437500000000004 0.4734375 0.2000000000000001 0.4734375
2 0.17500000000000007 0.525 0.14687500000000003 0.525 0.14687500000000006 0.5703125 0.1750000000000001 0.5703125
3 0.10625000000000004 0.4984375 0.08125000000000007 0.4984375 0.08125000000000007 0.54375 0.10625000000000004 0.54375
3 0.3000000000000001 0.4734375 0.28593750000000007 0.4734375 0.28593750000000007 0.5 0.3000000000000001 0.5
2 0.3500000000000001 0.4609375 0.3359375000000001 0.4609375 0.3359375000000001 0.4890625 0.3500000000000001 0.4890625
3 0.3140625000000001 0.4734375 0.3062500000000001 0.4734375 0.3062500000000001 0.496875 0.3140625000000001 0.496875
2 0.5546875 0.5015625 0.5484375 0.5015625 0.5484375 0.5171875 0.5546875 0.5171875