1 0.509375 0.4484375 0.428125 0.4484375 0.428125 0.6296875 0.509375 0.6296875
1 0.44375 0.4640625 0.4015625 0.4640625 0.4015625 0.609375 0.44375 0.609375
1 0.528125 0.490625 0.5046875 0.490625 0.5046875 0.5890625 0.528125 0.5890625
2 0.4828125 0.4484375 0.4671875 0.4484375 0.4671875 0.4765625 0.4828125 0.4765625
2 0.4296875 0.4640625 0.41875 0.4640625 0.41875 0.490625 0.4296875 0.490625
2 0.5203125 0.490625 0.5140625 0.490625 0.5140625 0.50625 0.5203125 0.50625
2 0.19843750000000004 0.428125 0.18125000000000005 0.428125 0.18125000000000005 0.4671875 0.19843750000000004 0.4671875
2 0.17656250000000007 0.5234375 0.14687500000000003 0.5234375 0.14687500000000006 0.5671875 0.1765625000000001 0.5671875
3 0.10156250000000004 0.4921875 0.07812500000000007 0.4921875 0.07812500000000007 0.5375 0.10156250000000004 0.5375
2 0.34843750000000007 0.4578125 0.3359375000000001 0.4578125 0.3359375000000001 0.4859375 0.34843750000000007 0.4859375
3 0.3000000000000001 0.4703125 0.28593750000000007 0.4703125 0.28593750000000007 0.4953125 0.3000000000000001 0.4953125
3 0.3156250000000001 0.471875 0.3062500000000001 0.471875 0.3062500000000001 0.49375 0.3156250000000001 0.49375
3 0.3031250000000001 0.49375 0.2921875000000001 0.49375 0.2921875000000001 0.5171875 0.3031250000000001 0.5171875